299.911346	0.000011
300.375458	0.000011
300.839539	0.000011
301.303589	0.000011
301.767639	0.000010
302.231628	0.000010
302.695618	0.000011
303.159576	0.000009
303.623505	0.000010
304.087433	0.000010
304.551300	0.000009
305.015167	0.000009
305.478973	0.000009
305.942780	0.000009
306.406555	0.000008
306.870300	0.000008
307.334045	0.000009
307.797729	0.000008
308.261414	0.000009
308.725067	0.000008
309.188690	0.000008
309.652283	0.000008
310.115845	0.000008
310.579407	0.000007
311.042908	0.000008
311.506409	0.000008
311.969879	0.000008
312.433319	0.000007
312.896729	0.000007
313.360138	0.000007
313.823486	0.000006
314.286835	0.000007
314.750153	0.000007
315.213440	0.000006
315.676697	0.000006
316.139923	0.000006
316.603149	0.000006
317.066345	0.000006
317.529480	0.000006
317.992615	0.000006
318.455719	0.000006
318.918823	0.000006
319.381866	0.000006
319.844910	0.000006
320.307892	0.000005
320.770874	0.000006
321.233826	0.000005
321.696747	0.000005
322.159668	0.000005
322.622528	0.000005
323.085388	0.000005
323.548187	0.000005
324.010986	0.000005
324.473755	0.000005
324.936523	0.000005
325.399231	0.000005
325.861938	0.000005
326.324585	0.000005
326.787231	0.000004
327.249847	0.000004
327.712433	0.000004
328.175018	0.000004
328.637543	0.000004
329.100067	0.000004
329.562531	0.000004
330.024994	0.000004
330.487427	0.000004
330.949829	0.000004
331.412231	0.000004
331.874573	0.000004
332.336914	0.000004
332.799225	0.000004
333.261505	0.000004
333.723755	0.000004
334.185974	0.000003
334.648163	0.000004
335.110352	0.000003
335.572510	0.000003
336.034607	0.000003
336.496704	0.000003
336.958801	0.000003
337.420837	0.000003
337.882843	0.000003
338.344849	0.000003
338.806824	0.000003
339.268768	0.000003
339.730682	0.000003
340.192566	0.000003
340.654419	0.000003
341.116272	0.000003
341.578064	0.000003
342.039856	0.000003
342.501617	0.000003
342.963348	0.000003
343.425049	0.000003
343.886749	0.000003
344.348389	0.000003
344.810028	0.000003
345.271637	0.000003
345.733185	0.000002
346.194763	0.000002
346.656281	0.000002
347.117767	0.000002
347.579254	0.000002
348.040680	0.000002
348.502106	0.000002
348.963501	0.000002
349.424866	0.000002
349.886230	0.000002
350.347534	0.000002
350.808838	0.000002
351.270081	0.000002
351.731323	0.000002
352.192535	0.000002
352.653717	0.000002
353.114899	0.000002
353.576019	0.000002
354.037140	0.000002
354.498199	0.000002
354.959259	0.000002
355.420288	0.000002
355.881287	0.000002
356.342285	0.000002
356.803223	0.000002
357.264160	0.000002
357.725037	0.000002
358.185913	0.000002
358.646759	0.000002
359.107574	0.000002
359.568390	0.000002
360.029144	0.000002
360.489899	0.000002
360.950592	0.137504
361.411285	0.000001
361.871948	0.000001
362.332611	0.000001
362.793213	0.000001
363.253784	0.000001
363.714355	0.000001
364.174896	0.000001
364.635376	0.000001
365.095886	0.000001
365.556335	0.000001
366.016754	0.000001
366.477142	0.000001
366.937531	0.000001
367.397888	0.000001
367.858215	0.000001
368.318512	0.072634
368.778778	0.000001
369.239014	0.000001
369.699219	0.000001
370.159424	0.000001
370.619598	0.000001
371.079742	0.000001
371.539856	0.000001
371.999939	0.000001
372.459991	0.000001
372.920013	0.000001
373.380035	0.000001
373.840027	0.000001
374.299957	0.000001
374.759888	0.000001
375.219818	0.000001
375.679688	0.000001
376.139526	0.000001
376.599365	0.000001
377.059143	0.000001
377.518921	0.000001
377.978668	0.000001
378.438385	0.000001
378.898071	0.000001
379.357758	0.000001
379.817383	0.000001
380.277008	0.000001
380.736603	0.075969
381.196167	0.000001
381.655701	0.000001
382.115204	0.000001
382.574677	0.000001
383.034149	0.018949
383.493561	0.000001
383.952972	0.000001
384.412354	0.000001
384.871704	0.000001
385.331024	0.000001
385.790314	0.008551
386.249603	0.000001
386.708832	0.000000
387.168060	0.000000
387.627258	0.000000
388.086426	0.000000
388.545563	0.000000
389.004669	0.000000
389.463745	0.000000
389.922821	0.000000
390.381866	0.000000
390.840851	0.066712
391.299835	0.000000
391.758789	0.061581
392.217712	0.000000
392.676636	0.000000
393.135498	0.000000
393.594360	0.055349
394.053192	0.029554
394.511963	0.058184
394.970734	0.323172
395.429504	0.242268
395.888214	0.223472
396.346893	0.149389
396.805573	0.121333
397.264191	0.129696
397.722809	0.307077
398.181396	0.131598
398.639954	0.029594
399.098480	0.196394
399.557007	0.204728
400.015472	0.070022
400.473938	0.146405
400.932373	0.203003
401.390747	0.180792
401.849121	0.279177
402.307495	0.109997
402.765808	0.266595
403.224091	0.268135
403.682373	0.395188
404.140594	0.151589
404.598816	0.343226
405.057007	0.276528
405.515167	0.221144
405.973297	0.151631
406.431427	0.467245
406.889496	0.174094
407.347565	0.183093
407.805573	0.197196
408.263580	0.376248
408.721558	0.239260
409.179504	0.281177
409.637451	0.333783
410.095337	0.224547
410.553192	0.221956
411.011047	0.404470
411.468872	0.377912
411.926666	0.333518
412.384430	0.343684
412.842163	0.463195
413.299866	0.171294
413.757568	0.391866
414.215210	0.309453
414.672852	0.577895
415.130463	0.276319
415.588013	0.404717
416.045593	0.499368
416.503113	0.448660
416.960602	0.380490
417.418060	0.317529
417.875519	0.376501
418.332947	0.381624
418.790344	0.478003
419.247711	0.394500
419.705048	0.518954
420.162354	0.405671
420.619629	0.527763
421.076904	0.551642
421.534119	0.371816
421.991333	0.486042
422.448517	0.462225
422.905670	0.427938
423.362793	0.636638
423.819885	0.528421
424.276947	0.464768
424.734009	0.586087
425.191040	0.644613
425.648010	0.564199
426.104980	0.640401
426.561920	0.510753
427.018829	0.620174
427.475739	0.548207
427.932587	0.675044
428.389404	0.646923
428.846222	0.629515
429.303009	0.759527
429.759766	0.711814
430.216492	0.738915
430.673187	0.671386
431.129852	0.690201
431.586487	0.788938
432.043121	0.715930
432.499725	0.781462
432.956268	0.710587
433.412811	0.750670
433.869324	0.869486
434.325806	0.909804
434.782288	0.874978
435.238708	0.972313
435.695099	0.974994
436.151489	1.091271
436.607849	0.897027
437.064178	1.005294
437.520477	0.906923
437.976746	0.968739
438.432983	1.076998
438.889191	0.904053
439.345398	0.898344
439.801544	0.968585
440.257690	0.983831
440.713806	0.988262
441.169891	1.001597
441.625946	1.027790
442.081970	1.077280
442.537994	1.215782
442.993958	1.132950
443.449921	1.171873
443.905823	1.101009
444.361725	1.240694
444.817596	1.270539
445.273438	1.040079
445.729279	1.123578
446.185059	1.212531
446.640808	1.294038
447.096558	1.349399
447.552277	1.290009
448.007935	1.333652
448.463593	1.370001
448.919220	1.369270
449.374817	1.340613
449.830414	1.427406
450.285950	1.510175
450.741486	1.506827
451.196960	1.496439
451.652435	1.556521
452.107880	1.484745
452.563293	1.584306
453.018677	1.562027
453.474030	1.699611
453.929382	1.698312
454.384674	1.646197
454.839966	1.640646
455.295227	1.726142
455.750427	1.616274
456.205627	1.743716
456.660828	1.790925
457.115967	1.716862
457.571075	1.831022
458.026154	1.825434
458.481232	1.898832
458.936279	1.808881
459.391266	1.862522
459.846252	1.919721
460.301208	1.886805
460.756165	1.978874
461.211060	2.033416
461.665924	1.981132
462.120789	2.063083
462.575592	2.056877
463.030396	2.058190
463.485168	2.001975
463.939911	2.193719
464.394623	2.123007
464.849304	2.127007
465.303986	2.160028
465.758606	2.146152
466.213196	2.183032
466.667786	2.220933
467.122345	2.198167
467.576874	2.239978
468.031372	2.374660
468.485840	2.359180
468.940277	2.329983
469.394714	2.360260
469.849091	2.295016
470.303467	2.281383
470.757782	2.274792
471.212097	2.338270
471.666382	2.302820
472.120636	2.421395
472.574860	2.423839
473.029083	2.388795
473.483246	2.463268
473.937408	2.414209
474.391510	2.464164
474.845612	2.379314
475.299683	2.425742
475.753723	2.520512
476.207733	2.438999
476.661713	2.430056
477.115662	2.448430
477.569611	2.415620
478.023499	2.390025
478.477386	2.454464
478.931244	2.475308
479.385071	2.447423
479.838867	2.454186
480.292633	2.507779
480.746368	2.471531
481.200073	2.570119
481.653778	2.528678
482.107422	2.563141
482.561066	2.526973
483.014679	2.572986
483.468262	2.637079
483.921814	2.593321
484.375336	2.574155
484.828827	2.642555
485.282288	2.542376
485.735748	2.553483
486.189148	2.590178
486.642548	2.591363
487.095917	2.564137
487.549255	2.559073
488.002563	2.532593
488.455841	2.552397
488.909088	2.561579
489.362305	2.664535
489.815521	2.564325
490.268677	2.561094
490.721832	2.671080
491.174957	2.664771
491.628052	2.665701
492.081116	2.725698
492.534149	2.864124
492.987152	2.724549
493.440125	2.799873
493.893097	2.741833
494.346008	2.681513
494.798920	2.684848
495.251801	2.816157
495.704620	2.792486
496.157440	2.737376
496.610260	2.846324
497.063019	2.820841
497.515747	2.795401
497.968445	2.892781
498.421143	2.938363
498.873810	2.955546
499.326416	2.839131
499.779022	2.966960
500.231598	2.981581
500.684143	2.949291
501.136658	2.964955
501.589172	2.953736
502.041626	2.993942
502.494049	3.041527
502.946472	3.104190
503.398865	3.138185
503.851227	3.161303
504.303558	3.153170
504.755859	3.189549
505.208130	3.218113
505.660370	3.266773
506.112579	3.283006
506.564789	3.233231
507.016937	3.306471
507.469086	3.264064
507.921204	3.401970
508.373291	3.405790
508.825317	3.465167
509.277374	3.402893
509.729370	3.456492
510.181335	3.428772
510.633270	3.405090
511.085205	3.487580
511.537109	3.503008
511.988953	3.581218
512.440796	3.526544
512.892639	3.552388
513.344421	3.571882
513.796143	3.650700
514.247864	3.574170
514.699585	3.646886
515.151245	3.681351
515.602905	3.732072
516.054504	3.596446
516.506104	3.703287
516.957642	3.774334
517.409180	3.781064
517.860718	3.760800
518.312195	4.011012
518.763672	3.793468
519.215088	3.865909
519.666504	3.887414
520.117859	3.777066
520.569214	3.859808
521.020508	3.891369
521.471802	3.948416
521.923096	3.863318
522.374329	3.887417
522.825500	3.872757
523.276672	3.784696
523.727844	3.952628
524.178955	3.929000
524.630066	3.785338
525.081116	3.872388
525.532166	3.858192
525.983215	3.887965
526.434204	3.802635
526.885132	3.778841
527.336060	3.889488
527.786987	3.890604
528.237854	3.924998
528.688721	3.882243
529.139526	3.928496
529.590332	3.884498
530.041138	3.894665
530.491882	3.959882
530.942566	3.945565
531.393250	4.079893
531.843933	3.849431
532.294556	3.904296
532.745178	4.040354
533.195740	4.018366
533.646301	3.888767
534.096802	3.941936
534.547302	3.969620
534.997742	3.976694
535.448181	3.944072
535.898621	3.996702
536.348999	4.056085
536.799377	4.017554
537.249695	4.071502
537.700012	4.016887
538.150269	4.031525
538.600525	4.033369
539.050720	4.054347
539.500916	4.111905
539.951050	4.083014
540.401245	4.171168
540.851318	4.154216
541.301392	4.326793
541.751465	4.374048
542.201477	4.310967
542.651489	4.210445
543.101440	4.243680
543.551392	4.270742
544.001343	4.129335
544.451233	4.243344
544.901062	4.349442
545.350891	4.410490
545.800720	4.619749
546.250488	4.632751
546.700256	4.389273
547.149963	4.326777
547.599670	4.246981
548.049316	4.385112
548.498962	4.165325
548.948547	4.150549
549.398132	4.236622
549.847717	4.259185
550.297241	4.267746
550.746765	4.206964
551.196228	4.099186
551.645691	4.180851
552.095093	4.186309
552.544495	4.150929
552.993835	4.124510
553.443176	4.100614
553.892456	4.129359
554.341736	4.431804
554.791016	4.127615
555.240234	4.248355
555.689453	4.181507
556.138611	4.168110
556.587769	4.315054
557.036865	4.219895
557.485962	4.124106
557.934998	4.268513
558.384033	4.258134
558.833069	4.299921
559.282043	4.278310
559.730957	4.208571
560.179871	4.243307
560.628784	4.376207
561.077637	4.227972
561.526489	4.392102
561.975281	4.333247
562.424072	4.380530
562.872864	4.370740
563.321594	4.389687
563.770264	4.439107
564.218933	4.428115
564.667603	4.423020
565.116211	4.468606
565.564819	4.561170
566.013367	4.539641
566.461853	4.618520
566.910400	4.622648
567.358887	4.709908
567.807312	4.561305
568.255737	4.599046
568.704102	4.657039
569.152527	4.600676
569.600830	4.678957
570.049133	4.697517
570.497437	4.711824
570.945679	4.771740
571.393921	4.739933
571.842102	4.769221
572.290283	4.845648
572.738403	4.971436
573.186523	4.859672
573.634644	4.882512
574.082703	4.984093
574.530701	5.045416
574.978699	5.181927
575.426697	5.059047
575.874634	5.196622
576.322571	5.202403
576.770447	5.236577
577.218323	5.262787
577.666199	5.362355
578.114014	5.415192
578.561768	5.358670
579.009521	5.636055
579.457275	5.585034
579.904968	5.519737
580.352600	5.562181
580.800232	5.536828
581.247864	5.707338
581.695435	5.756087
582.143005	5.761823
582.590576	5.977137
583.038086	6.049899
583.485535	5.954268
583.932983	5.961018
584.380371	6.063315
584.827820	6.090186
585.275146	6.267415
585.722473	6.203520
586.169800	6.420637
586.617065	6.535249
587.064331	6.636318
587.511536	6.659459
587.958740	6.624402
588.405945	6.507760
588.853088	6.676364
589.300171	6.648663
589.747253	6.779209
590.194336	6.914398
590.641357	7.079468
591.088379	6.973159
591.535339	7.063655
591.982239	7.344799
592.429199	7.245250
592.876099	7.296079
593.322937	7.480290
593.769775	7.435011
594.216553	7.497618
594.663330	7.473400
595.110107	7.604531
595.556824	7.741502
596.003540	7.846175
596.450195	7.839785
596.896790	7.938970
597.343445	7.920308
597.790039	8.072059
598.236572	8.191740
598.683105	8.196371
599.129578	8.435445
599.576050	8.510909
600.022522	8.599510
600.468933	8.673902
600.915283	8.678652
601.361633	8.641890
601.807983	8.747705
602.254272	8.916050
602.700562	8.940006
603.146790	9.028321
603.593018	9.170057
604.039185	9.064024
604.485352	9.230968
604.931519	9.594882
605.377625	9.421209
605.823669	9.461727
606.269714	9.590324
606.715759	9.709662
607.161743	9.856008
607.607727	9.835921
608.053650	9.967843
608.499573	10.146673
608.945435	10.185758
609.391296	10.460321
609.837097	10.718863
610.282898	11.436467
610.728699	12.292676
611.174438	13.383463
611.620117	13.389713
612.065796	12.551712
612.511475	11.767492
612.957092	11.651951
613.402710	11.471406
613.848267	11.282122
614.293823	11.674605
614.739319	11.409056
615.184814	11.338680
615.630249	11.350307
616.075684	11.265179
616.521118	11.193185
616.966492	11.164104
617.411804	11.302356
617.857117	11.197968
618.302429	11.311079
618.747681	11.311946
619.192932	11.499598
619.638123	11.506483
620.083313	11.593066
620.528442	11.581568
620.973572	11.557609
621.418701	11.731602
621.863770	11.807535
622.308777	11.753470
622.753784	11.780972
623.198792	11.833505
623.643738	11.948516
624.088623	11.821498
624.533508	11.957338
624.978394	12.134410
625.423218	12.143391
625.868042	12.140186
626.312805	12.238086
626.757568	12.333987
627.202332	12.459743
627.647034	12.710206
628.091675	12.355083
628.536316	12.540932
628.980957	12.370706
629.425537	12.701238
629.870056	12.790622
630.314575	12.754911
630.759094	13.115383
631.203552	13.150339
631.648010	12.995744
632.092407	13.219626
632.536804	12.688878
632.981201	12.910521
633.425537	12.809673
633.869812	12.909958
634.314087	12.646184
634.758301	12.521402
635.202576	12.803059
635.646729	12.904123
636.090881	12.926303
636.535034	13.022456
636.979126	12.738184
637.423218	13.102034
637.867249	13.054502
638.311279	12.748761
638.755249	12.672474
639.199219	12.732011
639.643188	12.756590
640.087097	12.479376
640.530945	12.562998
640.974792	12.506455
641.418640	12.587807
641.862427	12.584495
642.306152	12.508688
642.749878	12.358365
643.193604	12.409768
643.637268	12.253969
644.080933	12.277514
644.524536	12.250914
644.968140	12.200621
645.411743	12.060084
645.855286	11.651184
646.298767	11.843255
646.742249	11.850360
647.185730	11.731786
647.629150	11.595785
648.072510	11.619092
648.515869	11.570951
648.959229	11.392524
649.402527	11.554017
649.845825	11.448394
650.289063	11.401793
650.732300	11.482118
651.175476	11.297441
651.618652	11.375991
652.061768	11.158279
652.504883	11.095103
652.947998	10.985507
653.391052	11.226345
653.834045	11.101575
654.277039	11.107240
654.720032	10.818880
655.162964	10.963199
655.605896	10.515259
656.048767	10.755732
656.491638	10.690937
656.934448	10.625175
657.377258	10.495879
657.820007	10.656154
658.262756	10.431637
658.705444	10.377923
659.148132	10.248878
659.590820	10.250234
660.033447	10.058137
660.476013	10.020168
660.918579	10.358312
661.361145	9.751997
661.803650	9.557721
662.246155	9.501673
662.688599	9.506590
663.131042	9.228127
663.573425	9.146590
664.015808	9.090017
664.458130	8.854414
664.900452	8.840734
665.342712	8.651770
665.784973	8.549495
666.227234	8.408019
666.669434	8.471967
667.111572	8.204342
667.553711	8.032619
667.995850	8.167109
668.437927	8.066273
668.880005	7.867288
669.322021	7.753873
669.764038	7.921163
670.205994	7.733235
670.647949	7.769235
671.089844	7.696762
671.531738	7.602411
671.973572	7.572270
672.415405	7.429905
672.857239	7.527595
673.299011	7.421793
673.740723	7.329798
674.182434	7.472395
674.624146	7.441642
675.065796	7.539809
675.507385	7.568777
675.949036	7.650802
676.390564	7.595323
676.832092	7.626628
677.273621	7.499391
677.715088	7.670110
678.156555	7.476933
678.598022	8.086524
679.039368	8.015035
679.480774	7.871832
679.922119	8.060400
680.363403	8.015792
680.804688	8.108794
681.245972	8.402370
681.687195	8.381605
682.128357	8.666421
682.569580	8.819791
683.010681	8.816397
683.451782	9.016503
683.892883	9.178705
684.333923	9.531178
684.774963	9.957259
685.215942	10.143912
685.656921	10.598279
686.097900	10.718936
686.538757	10.854315
686.979675	10.922052
687.420532	11.460879
687.861328	11.916282
688.302124	12.341507
688.742920	12.663880
689.183655	12.952281
689.624329	13.189072
690.065063	13.649776
690.505676	13.856607
690.946289	14.286584
691.386902	14.688206
691.827454	15.043376
692.268005	15.210957
692.708496	15.670218
693.148987	16.000933
693.589478	16.239510
694.029907	16.566677
694.470276	17.084162
694.910645	17.015320
695.350952	17.403713
695.791260	17.850550
696.231567	17.889174
696.671814	18.246616
697.112000	18.487188
697.552246	18.691839
697.992371	18.755432
698.432495	18.916349
698.872620	19.451757
699.312683	19.375401
699.752747	19.648174
700.192749	19.442734
700.632751	19.707005
701.072693	19.972048
701.512634	20.229124
701.952576	20.241997
702.392456	20.443398
702.832275	20.075846
703.272095	20.608906
703.711914	20.475252
704.151672	20.876484
704.591370	21.050041
705.031067	20.965105
705.470764	21.150446
705.910400	21.283293
706.350037	21.202436
706.789612	21.240480
707.229187	21.405106
707.668701	22.143427
708.108215	21.983702
708.547668	21.868698
708.987122	22.740198
709.426514	22.260588
709.865906	21.933596
710.305237	22.000219
710.744568	22.327961
711.183899	22.387861
711.623169	22.569010
712.062378	23.072037
712.501587	22.907003
712.940796	22.666109
713.379944	22.739920
713.819031	22.709091
714.258179	22.613302
714.697205	22.172941
715.136230	22.946014
715.575256	22.483652
716.014221	22.219702
716.453186	22.121338
716.892151	22.953169
717.330994	22.728996
717.769897	22.650396
718.208740	22.500505
718.647522	22.411531
719.086304	22.880989
719.525024	22.467335
719.963745	22.025728
720.402466	22.388451
720.841125	22.953976
721.279724	22.738850
721.718323	22.450466
722.156921	22.155701
722.595459	22.888000
723.033997	22.443705
723.472473	22.743412
723.910950	22.754856
724.349365	22.307413
724.787781	22.249031
725.226135	22.446638
725.664490	22.096897
726.102783	21.972645
726.541077	22.169291
726.979309	22.519850
727.417542	22.373165
727.855774	22.333948
728.293945	22.632824
728.732056	22.879648
729.170166	22.837843
729.608276	23.084730
730.046326	22.814770
730.484314	22.685818
730.922302	22.893051
731.360291	22.675049
731.798218	22.919031
732.236145	23.430117
732.674011	23.509727
733.111877	22.928328
733.549683	23.164743
733.987427	23.063623
734.425232	23.197144
734.862976	23.019077
735.300659	22.845291
735.738342	23.040789
736.175964	22.778704
736.613586	23.046659
737.051147	22.893642
737.488708	22.358456
737.926270	22.340841
738.363770	22.462009
738.801208	22.401400
739.238647	22.571287
739.676086	23.015213
740.113464	22.649399
740.550842	22.249687
740.988159	22.955816
741.425415	22.430859
741.862732	22.899300
742.299927	22.552650
742.737122	22.839249
743.174316	22.218979
743.611450	22.565239
744.048584	22.267130
744.485657	23.060930
744.922729	22.739107
745.359802	22.196989
745.796753	22.273287
746.233765	21.459509
746.670715	22.609259
747.107605	22.499557
747.544495	21.638712
747.981384	22.365887
748.418213	22.671392
748.854980	22.697680
749.291748	22.405846
749.728516	22.780565
750.165222	22.627405
750.601868	22.510481
751.038574	23.179768
751.475159	22.303940
751.911743	22.330265
752.348328	22.729446
752.784851	22.892281
753.221375	22.469313
753.657837	22.290142
754.094299	21.806747
754.530701	22.345551
754.967102	21.921114
755.403442	22.546959
755.839783	23.031519
756.276123	22.134066
756.712402	22.479080
757.148621	22.433121
757.584839	22.215204
758.020996	22.381777
758.457153	23.199068
758.893311	21.820274
759.329407	22.230995
759.765442	23.135788
760.201477	22.334301
760.637512	22.072813
761.073486	22.432331
761.509460	23.282944
761.945374	22.324076
762.381287	22.317028
762.817139	22.558901
763.252930	23.215267
763.688782	22.829765
764.124512	23.558489
764.560303	23.942986
764.995972	23.975983
765.431702	24.084536
765.867310	24.024940
766.302979	22.404478
766.738586	22.091532
767.174133	22.312183
767.609680	22.716770
768.045166	22.742098
768.480652	21.320358
768.916138	25.869427
769.351563	21.524673
769.786926	22.344591
770.222290	22.454275
770.657654	22.587601
771.092957	22.148846
771.528198	22.120234
771.963440	21.953394
772.398682	22.419241
772.833862	21.788603
773.269043	21.117554
773.704163	21.111105
774.139221	22.075926
774.574341	22.054390
775.009338	22.935226
775.444397	22.798660
775.879333	22.421818
776.314270	21.696171
776.749207	21.083529
777.184143	22.429203
777.618958	20.865602
778.053833	21.599880
778.488647	21.546743
778.923401	21.703861
779.358154	20.987242
779.792847	20.399395
780.227539	22.667131
780.662170	21.666195
781.096802	22.329920
781.531433	21.801924
781.966003	21.439785
782.400513	21.211157
782.835022	22.307442
783.269531	21.797104
783.703979	20.751593
784.138428	22.548429
784.572815	22.608450
785.007141	22.135967
785.441467	21.064495
785.875793	23.247787
786.310059	22.143810
786.744324	20.405178
787.178528	22.248510
787.612732	22.245785
788.046875	21.203482
788.481018	22.248234
788.915100	21.846495
789.349182	21.546892
789.783203	21.872267
790.217224	22.271070
790.651184	21.537039
791.085144	22.743633
791.519043	21.888746
791.952942	21.720695
792.386780	22.135122
792.820618	22.488152
793.254456	21.242397
793.688232	21.416906
794.121948	21.214231
794.555664	22.560112
794.989319	21.743977
795.422974	21.907927
795.856628	22.422287
796.290222	21.495714
796.723755	21.379999
797.157288	22.071154
797.590820	22.312162
798.024292	22.339443
798.457764	22.736691
798.891174	22.054356
799.324524	23.077372
799.757935	22.178497
800.191223	22.789110
