299.911346	0.000011
300.375458	0.000010
300.839539	0.000010
301.303589	0.000010
301.767639	0.000009
302.231628	0.000010
302.695618	0.000011
303.159576	0.000010
303.623505	0.000010
304.087433	0.000009
304.551300	0.000009
305.015167	0.000009
305.478973	0.000009
305.942780	0.000009
306.406555	0.000009
306.870300	0.000008
307.334045	0.000008
307.797729	0.000008
308.261414	0.000008
308.725067	0.000009
309.188690	0.000008
309.652283	0.000008
310.115845	0.000008
310.579407	0.000007
311.042908	0.000007
311.506409	0.000007
311.969879	0.000007
312.433319	0.000007
312.896729	0.000007
313.360138	0.000007
313.823486	0.000006
314.286835	0.000007
314.750153	0.000007
315.213440	0.000007
315.676697	0.000007
316.139923	0.000006
316.603149	0.000006
317.066345	0.000006
317.529480	0.000006
317.992615	0.000006
318.455719	0.000006
318.918823	0.000006
319.381866	0.000006
319.844910	0.000005
320.307892	0.000005
320.770874	0.000005
321.233826	0.000005
321.696747	0.000005
322.159668	0.000005
322.622528	0.000005
323.085388	0.000005
323.548187	0.000005
324.010986	0.000005
324.473755	0.000005
324.936523	0.000005
325.399231	0.000005
325.861938	0.000005
326.324585	0.000004
326.787231	0.000004
327.249847	0.000004
327.712433	0.000004
328.175018	0.000004
328.637543	0.000004
329.100067	0.000004
329.562531	0.000004
330.024994	0.000004
330.487427	0.079231
330.949829	0.130096
331.412231	0.000004
331.874573	0.000004
332.336914	0.000004
332.799225	0.000004
333.261505	0.709974
333.723755	0.000003
334.185974	0.000003
334.648163	0.000003
335.110352	0.080692
335.572510	1.102559
336.034607	0.257525
336.496704	0.000003
336.958801	0.000003
337.420837	0.000003
337.882843	0.874734
338.344849	0.868357
338.806824	2.020590
339.268768	1.700914
339.730682	0.024727
340.192566	0.416984
340.654419	3.213915
341.116272	1.536365
341.578064	1.899638
342.039856	1.887473
342.501617	3.316027
342.963348	2.266000
343.425049	3.482668
343.886749	1.985010
344.348389	1.808004
344.810028	1.226463
345.271637	1.629221
345.733185	3.524548
346.194763	4.748148
346.656281	3.654830
347.117767	4.285884
347.579254	3.384981
348.040680	4.436095
348.502106	3.518419
348.963501	4.020850
349.424866	4.236223
349.886230	4.570973
350.347534	5.017203
350.808838	5.061340
351.270081	5.734228
351.731323	5.236822
352.192535	4.107213
352.653717	4.564029
353.114899	5.654172
353.576019	5.740645
354.037140	4.272900
354.498199	5.522252
354.959259	6.278054
355.420288	6.546791
355.881287	5.493564
356.342285	6.008051
356.803223	5.264634
357.264160	6.288642
357.725037	6.637896
358.185913	6.352266
358.646759	6.237806
359.107574	5.782650
359.568390	6.502431
360.029144	7.544959
360.489899	6.814546
360.950592	6.201471
361.411285	6.437521
361.871948	7.348172
362.332611	7.375628
362.793213	7.651582
363.253784	7.098797
363.714355	6.915221
364.174896	7.025476
364.635376	7.234122
365.095886	7.809231
365.556335	7.954080
366.016754	7.272544
366.477142	7.489416
366.937531	8.348585
367.397888	9.041283
367.858215	8.813360
368.318512	8.375334
368.778778	8.901356
369.239014	7.572687
369.699219	8.515824
370.159424	9.101172
370.619598	8.566128
371.079742	9.442033
371.539856	8.371093
371.999939	8.923688
372.459991	9.374051
372.920013	9.464507
373.380035	9.296947
373.840027	9.403618
374.299957	9.379324
374.759888	9.224040
375.219818	9.436463
375.679688	9.929955
376.139526	9.590053
376.599365	9.942999
377.059143	9.730541
377.518921	10.102597
377.978668	10.271420
378.438385	9.899035
378.898071	10.642438
379.357758	10.439607
379.817383	10.585829
380.277008	11.025302
380.736603	11.168237
381.196167	11.090780
381.655701	11.015327
382.115204	11.379295
382.574677	10.938210
383.034149	11.316233
383.493561	11.922968
383.952972	11.488474
384.412354	12.081122
384.871704	11.606612
385.331024	12.048689
385.790314	11.727443
386.249603	11.993646
386.708832	12.714007
387.168060	12.392572
387.627258	12.481397
388.086426	12.632921
388.545563	12.573752
389.004669	12.880108
389.463745	12.939795
389.922821	13.042576
390.381866	13.122849
390.840851	13.026250
391.299835	13.333323
391.758789	13.635400
392.217712	13.291656
392.676636	13.189938
393.135498	13.777802
393.594360	13.833099
394.053192	13.941210
394.511963	13.896238
394.970734	14.257875
395.429504	14.464086
395.888214	14.613047
396.346893	14.641289
396.805573	14.775008
397.264191	14.566894
397.722809	14.785531
398.181396	14.812889
398.639954	15.224030
399.098480	14.837224
399.557007	14.924314
400.015472	15.430502
400.473938	15.313908
400.932373	15.074319
401.390747	15.333118
401.849121	15.658058
402.307495	15.684425
402.765808	15.766530
403.224091	15.910248
403.682373	15.835196
404.140594	16.000992
404.598816	16.431902
405.057007	16.506821
405.515167	16.070522
405.973297	16.064816
406.431427	16.221207
406.889496	16.026817
407.347565	16.316225
407.805573	16.263556
408.263580	16.568745
408.721558	16.705545
409.179504	16.511868
409.637451	16.717756
410.095337	16.785542
410.553192	16.831520
411.011047	16.954147
411.468872	16.917688
411.926666	17.174889
412.384430	17.219906
412.842163	16.899603
413.299866	17.023264
413.757568	17.288172
414.215210	17.147430
414.672852	17.008125
415.130463	17.238222
415.588013	17.147326
416.045593	16.952324
416.503113	17.165640
416.960602	17.336296
417.418060	17.480211
417.875519	17.550728
418.332947	17.208599
418.790344	17.385620
419.247711	17.431440
419.705048	17.435574
420.162354	17.733955
420.619629	17.536177
421.076904	17.657042
421.534119	17.704319
421.991333	17.634832
422.448517	17.732569
422.905670	17.606100
423.362793	17.676426
423.819885	17.481709
424.276947	17.869280
424.734009	17.618341
425.191040	17.927916
425.648010	17.560621
426.104980	17.645618
426.561920	17.936760
427.018829	17.907566
427.475739	18.100483
427.932587	17.748465
428.389404	18.137209
428.846222	18.197979
429.303009	17.786388
429.759766	17.926168
430.216492	17.755630
430.673187	17.993101
431.129852	18.133196
431.586487	18.176525
432.043121	17.937843
432.499725	18.070965
432.956268	18.080061
433.412811	18.319872
433.869324	18.142883
434.325806	18.287680
434.782288	18.487543
435.238708	18.899326
435.695099	19.303925
436.151489	19.176893
436.607849	18.437786
437.064178	18.297733
437.520477	18.287426
437.976746	18.047571
438.432983	18.147757
438.889191	18.075577
439.345398	18.138634
439.801544	17.974609
440.257690	18.228420
440.713806	18.117746
441.169891	18.003786
441.625946	18.118317
442.081970	18.145666
442.537994	18.106499
442.993958	17.904318
443.449921	17.900640
443.905823	17.856953
444.361725	17.868134
444.817596	17.819016
445.273438	17.885883
445.729279	17.797039
446.185059	17.988855
446.640808	17.754257
447.096558	17.722349
447.552277	18.027618
448.007935	17.713900
448.463593	17.570259
448.919220	17.709656
449.374817	17.748936
449.830414	17.653437
450.285950	17.868664
450.741486	17.758650
451.196960	17.675394
451.652435	17.691422
452.107880	17.488113
452.563293	17.623770
453.018677	17.379049
453.474030	17.334604
453.929382	17.278006
454.384674	17.275799
454.839966	17.234198
455.295227	16.973362
455.750427	17.085835
456.205627	17.168812
456.660828	17.215807
457.115967	17.139929
457.571075	17.130550
458.026154	16.890787
458.481232	16.819756
458.936279	16.804268
459.391266	16.704546
459.846252	16.834702
460.301208	16.547567
460.756165	16.626730
461.211060	16.587225
461.665924	16.609320
462.120789	16.675205
462.575592	16.514790
463.030396	16.411776
463.485168	16.296692
463.939911	16.240122
464.394623	16.234516
464.849304	16.088192
465.303986	15.959400
465.758606	15.908134
466.213196	15.992538
466.667786	16.019135
467.122345	16.093197
467.576874	16.077690
468.031372	16.140205
468.485840	15.949908
468.940277	15.730913
469.394714	15.611175
469.849091	15.379272
470.303467	15.327606
470.757782	15.144668
471.212097	15.174914
471.666382	14.988173
472.120636	14.969828
472.574860	15.084331
473.029083	14.925462
473.483246	15.000186
473.937408	14.841063
474.391510	14.568128
474.845612	14.444710
475.299683	14.305039
475.753723	14.291487
476.207733	14.109159
476.661713	14.057536
477.115662	13.935098
477.569611	13.795103
478.023499	13.721859
478.477386	13.689972
478.931244	13.649052
479.385071	13.515086
479.838867	13.436679
480.292633	13.452000
480.746368	13.579697
481.200073	13.453856
481.653778	13.316245
482.107422	13.303766
482.561066	13.238530
483.014679	13.070929
483.468262	13.070677
483.921814	13.000634
484.375336	12.833411
484.828827	12.890507
485.282288	12.670397
485.735748	12.520084
486.189148	12.429399
486.642548	12.400927
487.095917	12.221370
487.549255	12.091295
488.002563	12.087150
488.455841	12.000948
488.909088	11.994514
489.362305	11.941399
489.815521	11.681220
490.268677	11.692151
490.721832	11.616682
491.174957	11.623677
491.628052	11.591861
492.081116	11.483294
492.534149	11.698569
492.987152	11.425169
493.440125	11.344767
493.893097	11.161388
494.346008	11.004918
494.798920	10.816545
495.251801	10.895403
495.704620	10.718363
496.157440	10.610910
496.610260	10.623412
497.063019	10.427689
497.515747	10.310464
497.968445	10.309723
498.421143	10.377780
498.873810	10.195207
499.326416	10.058858
499.779022	10.039593
500.231598	9.943106
500.684143	9.918422
501.136658	9.945521
501.589172	9.758680
502.041626	9.797556
502.494049	9.684577
502.946472	9.649602
503.398865	9.670058
503.851227	9.622115
504.303558	9.536595
504.755859	9.482460
505.208130	9.429264
505.660370	9.293236
506.112579	9.403660
506.564789	9.305264
507.016937	9.181405
507.469086	9.102950
507.921204	9.016787
508.373291	8.988315
508.825317	8.997073
509.277374	8.957017
509.729370	8.911916
510.181335	8.791713
510.633270	8.735191
511.085205	8.769523
511.537109	8.785710
511.988953	8.684051
512.440796	8.620682
512.892639	8.711550
513.344421	8.732768
513.796143	8.532596
514.247864	8.469650
514.699585	8.399462
515.151245	8.406713
515.602905	8.398768
516.054504	8.335687
516.506104	8.357942
516.957642	8.319407
517.409180	8.309163
517.860718	8.289479
518.312195	8.395689
518.763672	8.184045
519.215088	8.224594
519.666504	8.134652
520.117859	8.156952
520.569214	8.186132
521.020508	8.211936
521.471802	8.056036
521.923096	8.004784
522.374329	8.003343
522.825500	7.964945
523.276672	7.926103
523.727844	7.979344
524.178955	8.057414
524.630066	7.989930
525.081116	7.897086
525.532166	7.874397
525.983215	7.942067
526.434204	7.862734
526.885132	7.812418
527.336060	7.848692
527.786987	7.841667
528.237854	7.775434
528.688721	7.838746
529.139526	7.872821
529.590332	7.766350
530.041138	7.807265
530.491882	7.761094
530.942566	7.787035
531.393250	7.929338
531.843933	7.665953
532.294556	7.836483
532.745178	7.761755
533.195740	7.822891
533.646301	7.757043
534.096802	7.788061
534.547302	7.882691
534.997742	7.971945
535.448181	7.925778
535.898621	7.939433
536.348999	7.862117
536.799377	7.877244
537.249695	7.903893
537.700012	7.966503
538.150269	8.055963
538.600525	8.091709
539.050720	7.979548
539.500916	8.066689
539.951050	8.120874
540.401245	8.184194
540.851318	8.260514
541.301392	8.357563
541.751465	8.382530
542.201477	8.374710
542.651489	8.334064
543.101440	8.348052
543.551392	8.453384
544.001343	8.407403
544.451233	8.396345
544.901062	8.462706
545.350891	8.760353
545.800720	8.850348
546.250488	8.935123
546.700256	8.738306
547.149963	8.708692
547.599670	8.646046
548.049316	8.733155
548.498962	8.659288
548.948547	8.620778
549.398132	8.665898
549.847717	8.672768
550.297241	8.720871
550.746765	8.637117
551.196228	8.699931
551.645691	8.678669
552.095093	8.772802
552.544495	8.709162
552.993835	8.744678
553.443176	8.813497
553.892456	8.909039
554.341736	9.325308
554.791016	8.857781
555.240234	8.948960
555.689453	9.017223
556.138611	8.995511
556.587769	8.980477
557.036865	9.065896
557.485962	8.938504
557.934998	9.035526
558.384033	9.092976
558.833069	9.319046
559.282043	9.146850
559.730957	9.091667
560.179871	9.171478
560.628784	9.392713
561.077637	9.123216
561.526489	9.298468
561.975281	9.204976
562.424072	9.249570
562.872864	9.401002
563.321594	9.434262
563.770264	9.399616
564.218933	9.492892
564.667603	9.384168
565.116211	9.600124
565.564819	9.549813
566.013367	9.582166
566.461853	9.621173
566.910400	9.602820
567.358887	9.828716
567.807312	9.756487
568.255737	9.839234
568.704102	9.711335
569.152527	9.692670
569.600830	9.851839
570.049133	9.801890
570.497437	9.913489
570.945679	9.980988
571.393921	9.960576
571.842102	10.027732
572.290283	10.045957
572.738403	10.059801
573.186523	10.166666
573.634644	10.163796
574.082703	10.250047
574.530701	10.270276
574.978699	10.482228
575.426697	10.398014
575.874634	10.402916
576.322571	10.461948
576.770447	10.534921
577.218323	10.668780
577.666199	10.756845
578.114014	10.692543
578.561768	10.764626
579.009521	11.027200
579.457275	10.995984
579.904968	10.944084
580.352600	11.018109
580.800232	11.077350
581.247864	11.268964
581.695435	11.182554
582.143005	11.289899
582.590576	11.464691
583.038086	11.395004
583.485535	11.519709
583.932983	11.516617
584.380371	11.468677
584.827820	11.745337
585.275146	11.773505
585.722473	11.798193
586.169800	11.875039
586.617065	12.070114
587.064331	12.170243
587.511536	12.231521
587.958740	12.016622
588.405945	12.081683
588.853088	12.160754
589.300171	12.150385
589.747253	12.337243
590.194336	12.411827
590.641357	12.425037
591.088379	12.573245
591.535339	12.631673
591.982239	12.657937
592.429199	12.759109
592.876099	12.853619
593.322937	12.970781
593.769775	13.141388
594.216553	13.210661
594.663330	13.081408
595.110107	13.081917
595.556824	13.186165
596.003540	13.309051
596.450195	13.343613
596.896790	13.395565
597.343445	13.381866
597.790039	13.615859
598.236572	13.757303
598.683105	13.667981
599.129578	13.852616
599.576050	13.925338
600.022522	14.065625
600.468933	13.977705
600.915283	14.003557
601.361633	14.147518
601.807983	14.448480
602.254272	14.374443
602.700562	14.335942
603.146790	14.529056
603.593018	14.357317
604.039185	14.395203
604.485352	14.575339
604.931519	14.678850
605.377625	14.714261
605.823669	14.726540
606.269714	14.847237
606.715759	15.005715
607.161743	14.754732
607.607727	14.915699
608.053650	14.961430
608.499573	15.043413
608.945435	15.229049
609.391296	15.415142
609.837097	15.676245
610.282898	15.951521
610.728699	16.865456
611.174438	17.681076
611.620117	17.862583
612.065796	17.097383
612.511475	16.465128
612.957092	16.268696
613.402710	16.324818
613.848267	16.100607
614.293823	16.470039
614.739319	16.331861
615.184814	16.077442
615.630249	16.214006
616.075684	16.272108
616.521118	15.985235
616.966492	16.214098
617.411804	16.168692
617.857117	16.153141
618.302429	16.195175
618.747681	16.133404
619.192932	16.148674
619.638123	16.340626
620.083313	16.357370
620.528442	16.430845
620.973572	16.539419
621.418701	16.353600
621.863770	16.463472
622.308777	16.627632
622.753784	16.613262
623.198792	16.564178
623.643738	16.521481
624.088623	16.580887
624.533508	16.656221
624.978394	16.702438
625.423218	16.548723
625.868042	16.670502
626.312805	16.747278
626.757568	16.571356
627.202332	16.870911
627.647034	16.983809
628.091675	16.781887
628.536316	16.984425
628.980957	16.882315
629.425537	17.169704
629.870056	17.088881
630.314575	17.207548
630.759094	17.309065
631.203552	17.320974
631.648010	17.462923
632.092407	17.341722
632.536804	17.301735
632.981201	17.247601
633.425537	17.186420
633.869812	17.223690
634.314087	17.267803
634.758301	17.387112
635.202576	17.075508
635.646729	17.089010
636.090881	17.478664
636.535034	17.247868
636.979126	17.274946
637.423218	17.559868
637.867249	17.658701
638.311279	17.494946
638.755249	17.547104
639.199219	17.650757
639.643188	17.688433
640.087097	17.823484
640.530945	17.824093
640.974792	17.841663
641.418640	17.852932
641.862427	18.068527
642.306152	18.013720
642.749878	17.844740
643.193604	18.419928
643.637268	18.156202
644.080933	18.304728
644.524536	18.223036
644.968140	18.404058
645.411743	18.509066
645.855286	18.430920
646.298767	18.483442
646.742249	18.609470
647.185730	18.837713
647.629150	18.749355
648.072510	18.619514
648.515869	18.773172
648.959229	18.755745
649.402527	18.845652
649.845825	19.073816
650.289063	19.128899
650.732300	19.029791
651.175476	19.224508
651.618652	19.023811
652.061768	18.989595
652.504883	19.333769
652.947998	19.193825
653.391052	19.312773
653.834045	19.201717
654.277039	19.385178
654.720032	19.467960
655.162964	19.698135
655.605896	19.492750
656.048767	19.440712
656.491638	19.478687
656.934448	19.772005
657.377258	19.804375
657.820007	20.027176
658.262756	20.022459
658.705444	19.883867
659.148132	20.021252
659.590820	19.936764
660.033447	20.091381
660.476013	20.181059
660.918579	20.801804
661.361145	20.228521
661.803650	20.196091
662.246155	20.421375
662.688599	20.293568
663.131042	20.466084
663.573425	20.693232
664.015808	20.461254
664.458130	20.517529
664.900452	20.641727
665.342712	20.588665
665.784973	20.618193
666.227234	20.844849
666.669434	20.877737
667.111572	21.074495
667.553711	20.927176
667.995850	20.825890
668.437927	21.159170
668.880005	21.068968
669.322021	20.885780
669.764038	21.044596
670.205994	20.916910
670.647949	21.042385
671.089844	20.973139
671.531738	21.055685
671.973572	21.338547
672.415405	21.251736
672.857239	21.292732
673.299011	21.663427
673.740723	21.718508
674.182434	21.737894
674.624146	21.581402
675.065796	21.592350
675.507385	21.840143
675.949036	21.817942
676.390564	21.576479
676.832092	21.796253
677.273621	21.567026
677.715088	21.707964
678.156555	21.584740
678.598022	21.957132
679.039368	21.960318
679.480774	22.043089
679.922119	21.992941
680.363403	21.721018
680.804688	21.848085
681.245972	22.120535
681.687195	22.070736
682.128357	22.040838
682.569580	22.082193
683.010681	22.418482
683.451782	22.550871
683.892883	22.314953
684.333923	22.297497
684.774963	22.950533
685.215942	22.350601
685.656921	22.648067
686.097900	22.689396
686.538757	22.314466
686.979675	22.924967
687.420532	23.159557
687.861328	22.918884
688.302124	23.398298
688.742920	23.208794
689.183655	23.010067
689.624329	23.023842
690.065063	23.444504
690.505676	23.175751
690.946289	23.189951
691.386902	22.846455
691.827454	23.042410
692.268005	23.117100
692.708496	23.280754
693.148987	23.088018
693.589478	23.172716
694.029907	23.055298
694.470276	23.075100
694.910645	22.987823
695.350952	22.895174
695.791260	23.241728
696.231567	23.201073
696.671814	22.899130
697.112000	22.885221
697.552246	23.049078
697.992371	23.196901
698.432495	23.150858
698.872620	23.052450
699.312683	23.098782
699.752747	23.010563
700.192749	23.206911
700.632751	23.491785
701.072693	22.982292
701.512634	23.048006
701.952576	23.088900
702.392456	22.925520
702.832275	22.941328
703.272095	22.818056
703.711914	23.143454
704.151672	23.182491
704.591370	22.755760
705.031067	23.153303
705.470764	23.641470
705.910400	23.351606
706.350037	23.267988
706.789612	23.182463
707.229187	23.502438
707.668701	23.662836
708.108215	23.376774
708.547668	23.995024
708.987122	23.943916
709.426514	23.974146
709.865906	23.336678
710.305237	23.696487
710.744568	23.887688
711.183899	23.628839
711.623169	23.700163
712.062378	23.887362
712.501587	24.178616
712.940796	24.010464
713.379944	24.266895
713.819031	24.213308
714.258179	23.829514
714.697205	24.052439
715.136230	24.207104
715.575256	24.030558
716.014221	23.862621
716.453186	23.679443
716.892151	24.116056
717.330994	23.646275
717.769897	23.520243
718.208740	23.603554
718.647522	23.390472
719.086304	22.661255
719.525024	23.238447
719.963745	22.985849
720.402466	23.312504
720.841125	23.071531
721.279724	23.103350
721.718323	23.328180
722.156921	22.951714
722.595459	22.889868
723.033997	23.320929
723.472473	22.895357
723.910950	23.407230
724.349365	22.751055
724.787781	23.019415
725.226135	23.336281
725.664490	23.551794
726.102783	22.989117
726.541077	23.283934
726.979309	23.065422
727.417542	23.100460
727.855774	23.377304
728.293945	23.008045
728.732056	23.352974
729.170166	23.696396
729.608276	23.634701
730.046326	23.492176
730.484314	23.423828
730.922302	23.630650
731.360291	23.727324
731.798218	24.116779
732.236145	24.269258
732.674011	23.916138
733.111877	24.249323
733.549683	23.827227
733.987427	23.546198
734.425232	24.158024
734.862976	23.690159
735.300659	24.002930
735.738342	23.252455
736.175964	23.436657
736.613586	23.810997
737.051147	23.330517
737.488708	23.857656
737.926270	23.486914
738.363770	23.873659
738.801208	23.859495
739.238647	23.335787
739.676086	24.048193
740.113464	23.453291
740.550842	24.180096
740.988159	24.282349
741.425415	24.291183
741.862732	23.577673
742.299927	24.593651
742.737122	24.674017
743.174316	24.199520
743.611450	24.150408
744.048584	24.660635
744.485657	24.346130
744.922729	23.777956
745.359802	23.970966
745.796753	24.345097
746.233765	23.828396
746.670715	24.357950
747.107605	23.788214
747.544495	24.059475
747.981384	24.383257
748.418213	24.332382
748.854980	24.119925
749.291748	24.450251
749.728516	24.586035
750.165222	24.708662
750.601868	24.687071
751.038574	24.764776
751.475159	24.559822
751.911743	24.493893
752.348328	24.643206
752.784851	25.245209
753.221375	24.246981
753.657837	24.362360
754.094299	25.118837
754.530701	25.398806
754.967102	24.921488
755.403442	24.925587
755.839783	24.881636
756.276123	24.741766
756.712402	25.145742
757.148621	25.181480
757.584839	25.606916
758.020996	25.434523
758.457153	26.772926
758.893311	25.751413
759.329407	25.953506
759.765442	25.668686
760.201477	25.646343
760.637512	26.103199
761.073486	25.997513
761.509460	26.561930
761.945374	25.629036
762.381287	26.784443
762.817139	26.173840
763.252930	27.060915
763.688782	27.216349
764.124512	28.519997
764.560303	29.410168
764.995972	29.237087
765.431702	29.181995
765.867310	28.955006
766.302979	27.467220
766.738586	27.472731
767.174133	27.405491
767.609680	27.330193
768.045166	27.343697
768.480652	26.413639
768.916138	42.303818
769.351563	27.495096
769.786926	27.130138
770.222290	27.385498
770.657654	26.815409
771.092957	27.236885
771.528198	27.004910
771.963440	27.132610
772.398682	26.921921
772.833862	27.223068
773.269043	26.905933
773.704163	27.087881
774.139221	28.036619
774.574341	28.162970
775.009338	27.558559
775.444397	27.921968
775.879333	27.101017
776.314270	26.706682
776.749207	26.879595
777.184143	27.534815
777.618958	27.740068
778.053833	27.340401
778.488647	28.183662
778.923401	27.964104
779.358154	27.864708
779.792847	27.887285
780.227539	27.548166
780.662170	27.380953
781.096802	28.874184
781.531433	29.024847
781.966003	29.351543
782.400513	28.668373
782.835022	29.373240
783.269531	28.031532
783.703979	28.582125
784.138428	29.226795
784.572815	28.060133
785.007141	28.871498
785.441467	30.303926
785.875793	29.146751
786.310059	28.870039
786.744324	29.139320
787.178528	29.614754
787.612732	30.063129
788.046875	30.521809
788.481018	30.687477
788.915100	29.707949
789.349182	30.380207
789.783203	30.363174
790.217224	30.193779
790.651184	30.071129
791.085144	29.529379
791.519043	30.149519
791.952942	29.468590
792.386780	30.100489
792.820618	30.358622
793.254456	29.977398
793.688232	30.314754
794.121948	29.667734
794.555664	30.084923
794.989319	30.104866
795.422974	30.298382
795.856628	29.432705
796.290222	28.965866
796.723755	29.979885
797.157288	30.913607
797.590820	32.545265
798.024292	30.165430
798.457764	31.343468
798.891174	31.605505
799.324524	31.588936
799.757935	31.308779
800.191223	31.402296
