299.911346	0.000011
300.375458	0.000010
300.839539	0.000010
301.303589	0.000010
301.767639	0.000009
302.231628	0.000010
302.695618	0.000011
303.159576	0.000010
303.623505	0.000010
304.087433	0.000009
304.551300	0.000009
305.015167	0.000009
305.478973	0.000009
305.942780	0.000009
306.406555	0.000009
306.870300	0.000008
307.334045	0.000008
307.797729	0.000008
308.261414	0.000008
308.725067	0.000009
309.188690	0.000008
309.652283	0.000008
310.115845	0.000008
310.579407	0.000007
311.042908	0.000007
311.506409	0.000007
311.969879	0.000007
312.433319	0.000007
312.896729	0.000007
313.360138	0.000007
313.823486	0.000006
314.286835	0.000007
314.750153	0.000007
315.213440	0.000007
315.676697	0.000007
316.139923	0.000006
316.603149	0.000006
317.066345	0.000006
317.529480	0.000006
317.992615	0.000006
318.455719	0.000006
318.918823	0.000006
319.381866	0.000006
319.844910	0.000005
320.307892	0.000005
320.770874	0.000005
321.233826	0.000005
321.696747	0.000005
322.159668	0.000005
322.622528	0.000005
323.085388	0.000005
323.548187	0.000005
324.010986	0.000005
324.473755	0.000005
324.936523	0.000005
325.399231	0.000005
325.861938	0.000005
326.324585	0.000004
326.787231	0.000004
327.249847	0.000004
327.712433	0.000004
328.175018	0.000004
328.637543	0.000004
329.100067	0.000004
329.562531	0.000004
330.024994	0.000004
330.487427	0.000004
330.949829	0.000004
331.412231	0.000004
331.874573	0.000004
332.336914	0.000004
332.799225	0.000004
333.261505	0.000004
333.723755	0.000003
334.185974	0.000003
334.648163	0.000003
335.110352	0.000003
335.572510	0.000003
336.034607	0.000003
336.496704	0.000003
336.958801	0.000003
337.420837	0.000003
337.882843	0.000003
338.344849	0.000003
338.806824	0.000003
339.268768	0.000003
339.730682	0.000003
340.192566	0.000003
340.654419	0.000003
341.116272	0.000003
341.578064	0.000003
342.039856	0.000003
342.501617	0.000003
342.963348	0.000003
343.425049	0.000003
343.886749	0.000003
344.348389	0.000003
344.810028	0.000003
345.271637	0.000003
345.733185	0.000002
346.194763	0.000002
346.656281	0.000002
347.117767	0.000002
347.579254	0.000002
348.040680	0.000002
348.502106	0.000002
348.963501	0.000002
349.424866	0.000002
349.886230	0.919604
350.347534	0.000002
350.808838	0.000002
351.270081	0.000002
351.731323	0.000002
352.192535	0.000002
352.653717	0.303007
353.114899	0.957255
353.576019	0.371441
354.037140	0.000002
354.498199	0.000002
354.959259	0.742368
355.420288	0.756733
355.881287	1.033478
356.342285	0.359545
356.803223	0.413606
357.264160	1.302055
357.725037	0.747791
358.185913	1.071232
358.646759	1.564098
359.107574	1.277179
359.568390	2.435272
360.029144	2.989442
360.489899	1.931745
360.950592	1.903839
361.411285	2.641138
361.871948	2.172235
362.332611	2.035289
362.793213	2.910181
363.253784	1.874820
363.714355	2.703996
364.174896	3.404937
364.635376	3.102787
365.095886	3.311938
365.556335	3.823203
366.016754	4.034784
366.477142	3.886372
366.937531	3.277407
367.397888	3.971341
367.858215	3.421351
368.318512	3.840422
368.778778	4.642756
369.239014	4.272377
369.699219	4.376103
370.159424	4.922124
370.619598	4.979116
371.079742	5.025136
371.539856	5.611765
371.999939	5.483805
372.459991	5.738595
372.920013	5.978119
373.380035	5.842390
373.840027	6.413068
374.299957	5.675265
374.759888	5.861783
375.219818	6.386296
375.679688	6.356943
376.139526	6.619820
376.599365	6.911449
377.059143	6.956292
377.518921	7.408435
377.978668	7.634983
378.438385	7.613430
378.898071	7.804781
379.357758	7.832182
379.817383	8.103302
380.277008	8.486974
380.736603	9.186816
381.196167	9.134023
381.655701	9.477499
382.115204	9.530661
382.574677	10.308774
383.034149	10.643524
383.493561	10.785480
383.952972	10.944696
384.412354	11.612803
384.871704	11.622921
385.331024	12.206251
385.790314	12.755276
386.249603	13.417242
386.708832	13.694445
387.168060	14.229434
387.627258	14.702374
388.086426	15.196293
388.545563	16.265070
389.004669	16.566830
389.463745	16.664904
389.922821	17.789864
390.381866	18.518345
390.840851	19.316299
391.299835	20.250116
391.758789	20.874872
392.217712	21.740360
392.676636	22.632452
393.135498	23.861128
393.594360	24.337027
394.053192	25.295406
394.511963	26.919819
394.970734	27.675495
395.429504	28.576654
395.888214	29.501553
396.346893	30.651834
396.805573	31.762436
397.264191	33.125072
397.722809	34.275639
398.181396	35.601875
398.639954	36.847115
399.098480	37.606487
399.557007	38.933414
400.015472	40.091648
400.473938	40.679508
400.932373	42.011509
401.390747	43.608143
401.849121	44.556915
402.307495	45.885563
402.765808	47.118599
403.224091	48.145947
403.682373	49.307964
404.140594	50.297691
404.598816	52.054649
405.057007	52.582756
405.515167	54.292850
405.973297	55.441597
406.431427	56.374763
406.889496	56.597813
407.347565	57.249947
407.805573	58.329716
408.263580	59.368462
408.721558	59.977291
409.179504	60.361534
409.637451	61.430027
410.095337	62.106533
410.553192	62.358555
411.011047	63.476498
411.468872	63.736427
411.926666	64.088013
412.384430	64.279617
412.842163	64.536385
413.299866	65.090614
413.757568	64.734367
414.215210	65.634575
414.672852	65.443222
415.130463	65.903908
415.588013	65.837433
416.045593	65.952583
416.503113	65.548805
416.960602	65.971886
417.418060	66.224594
417.875519	66.894028
418.332947	66.215492
418.790344	66.369896
419.247711	66.919395
419.705048	66.654358
420.162354	66.894890
420.619629	66.878639
421.076904	67.575996
421.534119	68.304230
421.991333	67.310844
422.448517	67.696320
422.905670	67.572868
423.362793	68.096405
423.819885	67.956696
424.276947	68.079468
424.734009	68.226501
425.191040	68.348000
425.648010	68.664688
426.104980	68.031776
426.561920	68.796471
427.018829	68.543221
427.475739	69.132561
427.932587	68.401131
428.389404	68.716301
428.846222	69.053795
429.303009	68.393669
429.759766	68.690399
430.216492	68.570961
430.673187	67.969841
431.129852	68.706917
431.586487	68.632362
432.043121	68.970932
432.499725	69.005890
432.956268	68.829842
433.412811	69.303535
433.869324	69.247040
434.325806	69.171783
434.782288	69.608002
435.238708	69.214127
435.695099	69.385750
436.151489	70.040962
436.607849	69.914642
437.064178	70.315765
437.520477	70.243179
437.976746	69.852005
438.432983	69.996300
438.889191	70.201706
439.345398	70.364273
439.801544	69.808990
440.257690	70.498512
440.713806	70.381203
441.169891	70.352020
441.625946	70.022316
442.081970	70.385521
442.537994	70.722237
442.993958	70.502548
443.449921	70.816360
443.905823	70.503426
444.361725	70.419670
444.817596	70.080658
445.273438	70.986229
445.729279	70.408600
446.185059	70.678749
446.640808	70.490990
447.096558	70.743980
447.552277	71.041100
448.007935	70.867264
448.463593	70.931763
448.919220	70.692368
449.374817	70.491669
449.830414	70.561378
450.285950	70.925751
450.741486	71.116188
451.196960	70.488838
451.652435	70.974380
452.107880	70.767654
452.563293	71.045013
453.018677	70.793831
453.474030	70.446632
453.929382	70.312363
454.384674	70.597740
454.839966	70.359924
455.295227	70.667679
455.750427	70.756401
456.205627	70.968056
456.660828	71.055702
457.115967	70.584946
457.571075	71.060455
458.026154	70.591537
458.481232	70.714897
458.936279	71.090248
459.391266	70.848564
459.846252	70.610657
460.301208	70.699493
460.756165	70.978729
461.211060	71.149666
461.665924	71.092674
462.120789	71.241364
462.575592	71.257011
463.030396	71.116150
463.485168	71.387360
463.939911	70.669838
464.394623	71.176064
464.849304	71.122581
465.303986	70.713264
465.758606	70.351631
466.213196	70.594765
466.667786	70.997520
467.122345	71.309258
467.576874	71.616356
468.031372	71.943535
468.485840	71.591934
468.940277	71.147690
469.394714	70.762299
469.849091	70.645004
470.303467	70.675552
470.757782	70.266068
471.212097	70.191010
471.666382	69.986961
472.120636	69.860390
472.574860	70.537598
473.029083	70.576942
473.483246	70.795334
473.937408	70.798119
474.391510	70.281845
474.845612	70.088440
475.299683	70.003662
475.753723	69.853485
476.207733	70.233597
476.661713	69.896271
477.115662	69.533798
477.569611	69.739151
478.023499	69.762642
478.477386	69.697517
478.931244	69.828079
479.385071	69.730980
479.838867	70.089157
480.292633	70.046600
480.746368	70.498917
481.200073	70.370216
481.653778	69.989990
482.107422	70.262100
482.561066	70.033676
483.014679	70.292427
483.468262	70.041565
483.921814	69.925758
484.375336	69.506485
484.828827	70.007263
485.282288	69.736725
485.735748	69.266243
486.189148	69.552376
486.642548	69.581337
487.095917	69.753990
487.549255	69.340622
488.002563	69.668060
488.455841	69.591995
488.909088	69.238670
489.362305	69.312065
489.815521	69.195290
490.268677	69.275917
490.721832	69.273964
491.174957	69.024780
491.628052	69.436974
492.081116	69.503708
492.534149	69.777420
492.987152	69.583778
493.440125	69.298332
493.893097	69.136909
494.346008	69.239548
494.798920	68.875999
495.251801	68.713402
495.704620	68.646851
496.157440	68.358330
496.610260	68.502693
497.063019	68.389114
497.515747	68.042862
497.968445	67.694916
498.421143	67.889351
498.873810	67.794746
499.326416	67.796524
499.779022	68.067299
500.231598	68.151154
500.684143	67.942032
501.136658	68.116669
501.589172	68.078979
502.041626	67.946335
502.494049	67.781334
502.946472	67.895065
503.398865	67.796532
503.851227	67.648277
504.303558	67.643105
504.755859	67.358009
505.208130	67.092522
505.660370	66.976471
506.112579	67.364899
506.564789	67.228058
507.016937	67.285301
507.469086	66.991264
507.921204	67.133438
508.373291	66.890694
508.825317	66.661339
509.277374	66.409378
509.729370	66.389435
510.181335	65.954559
510.633270	66.383980
511.085205	66.421814
511.537109	66.300423
511.988953	65.975677
512.440796	66.047722
512.892639	66.143860
513.344421	66.026550
513.796143	65.814178
514.247864	65.822151
514.699585	65.765297
515.151245	65.640678
515.602905	65.586548
516.054504	65.104980
516.506104	65.034744
516.957642	64.919319
517.409180	64.872498
517.860718	64.993912
518.312195	64.909126
518.763672	64.832916
519.215088	64.567223
519.666504	64.264458
520.117859	64.132980
520.569214	63.961571
521.020508	64.064095
521.471802	63.673061
521.923096	63.772976
522.374329	63.590633
522.825500	63.203114
523.276672	63.248062
523.727844	62.858028
524.178955	62.809170
524.630066	63.101799
525.081116	62.731842
525.532166	62.719650
525.983215	62.652405
526.434204	62.267181
526.885132	62.064602
527.336060	62.085735
527.786987	61.805992
528.237854	61.734695
528.688721	61.631477
529.139526	61.203716
529.590332	60.955940
530.041138	60.854652
530.491882	60.932037
530.942566	60.715843
531.393250	60.700428
531.843933	60.194820
532.294556	60.139626
532.745178	59.828423
533.195740	59.473915
533.646301	59.437344
534.096802	59.269623
534.547302	59.237175
534.997742	59.172237
535.448181	58.848412
535.898621	58.638725
536.348999	58.406166
536.799377	58.063049
537.249695	58.395580
537.700012	57.975307
538.150269	58.294254
538.600525	57.968777
539.050720	57.576279
539.500916	57.465519
539.951050	56.990345
540.401245	56.820007
540.851318	56.524532
541.301392	56.345097
541.751465	56.186340
542.201477	56.075798
542.651489	55.923344
543.101440	56.006229
543.551392	55.550800
544.001343	55.479565
544.451233	54.832291
544.901062	55.154095
545.350891	54.707031
545.800720	54.461082
546.250488	54.136086
546.700256	53.986282
547.149963	53.866638
547.599670	53.281555
548.049316	53.204117
548.498962	53.047535
548.948547	53.057938
549.398132	52.689014
549.847717	52.406425
550.297241	52.316872
550.746765	51.882416
551.196228	51.548695
551.645691	51.574978
552.095093	51.303005
552.544495	50.959480
552.993835	50.588375
553.443176	50.462093
553.892456	50.232891
554.341736	50.310318
554.791016	49.512688
555.240234	49.526752
555.689453	49.271030
556.138611	48.612797
556.587769	48.717793
557.036865	48.166969
557.485962	48.014366
557.934998	47.684830
558.384033	47.521400
558.833069	47.523788
559.282043	47.030827
559.730957	46.691647
560.179871	46.359272
560.628784	46.024738
561.077637	45.618324
561.526489	45.404514
561.975281	45.043789
562.424072	44.967770
562.872864	44.786076
563.321594	44.663227
563.770264	44.473351
564.218933	44.233761
564.667603	43.856438
565.116211	43.703541
565.564819	43.508945
566.013367	43.407658
566.461853	42.837784
566.910400	42.884815
567.358887	42.634441
567.807312	42.106064
568.255737	42.078800
568.704102	41.837379
569.152527	41.507034
569.600830	41.425766
570.049133	41.210014
570.497437	41.123917
570.945679	41.036465
571.393921	40.684803
571.842102	40.684906
572.290283	40.477627
572.738403	40.214661
573.186523	39.721581
573.634644	39.734810
574.082703	39.965202
574.530701	39.455742
574.978699	39.354744
575.426697	39.011955
575.874634	38.823269
576.322571	38.809109
576.770447	38.399979
577.218323	38.359287
577.666199	38.340504
578.114014	37.953903
578.561768	37.862606
579.009521	37.948673
579.457275	38.050598
579.904968	37.718983
580.352600	37.401966
580.800232	37.301147
581.247864	37.478893
581.695435	37.171261
582.143005	36.713135
582.590576	36.874870
583.038086	36.659874
583.485535	36.447834
583.932983	36.110279
584.380371	36.232857
584.827820	36.438015
585.275146	36.104927
585.722473	36.102329
586.169800	36.095097
586.617065	36.117527
587.064331	35.879841
587.511536	36.076096
587.958740	35.669281
588.405945	35.497852
588.853088	35.590767
589.300171	35.544338
589.747253	35.530289
590.194336	35.376923
590.641357	35.078846
591.088379	34.892235
591.535339	34.706779
591.982239	34.720638
592.429199	34.546932
592.876099	34.414661
593.322937	34.383793
593.769775	34.238850
594.216553	33.996479
594.663330	33.999645
595.110107	34.001030
595.556824	33.825020
596.003540	33.635418
596.450195	33.405174
596.896790	33.319130
597.343445	33.028633
597.790039	32.947739
598.236572	32.787586
598.683105	32.763893
599.129578	33.069263
599.576050	32.790428
600.022522	32.586895
600.468933	32.433170
600.915283	32.236599
601.361633	31.900843
601.807983	32.024307
602.254272	31.946760
602.700562	31.473114
603.146790	31.570929
603.593018	31.145441
604.039185	31.259768
604.485352	31.164148
604.931519	30.884403
605.377625	30.774309
605.823669	30.684725
606.269714	30.510416
606.715759	30.568439
607.161743	30.533342
607.607727	30.245987
608.053650	30.166628
608.499573	30.314682
608.945435	30.104597
609.391296	29.774763
609.837097	30.075230
610.282898	30.055891
610.728699	30.044930
611.174438	30.036032
611.620117	30.075912
612.065796	29.916468
612.511475	29.897390
612.957092	30.116180
613.402710	30.025942
613.848267	30.004530
614.293823	30.044724
614.739319	29.885748
615.184814	29.847528
615.630249	30.213991
616.075684	30.031546
616.521118	30.179674
616.966492	29.981924
617.411804	30.118317
617.857117	30.113270
618.302429	29.836208
618.747681	30.040758
619.192932	30.018883
619.638123	29.954882
620.083313	29.923599
620.528442	29.852861
620.973572	29.918579
621.418701	30.081856
621.863770	29.989510
622.308777	29.966579
622.753784	29.732933
623.198792	29.946699
623.643738	29.800919
624.088623	29.859325
624.533508	29.749886
624.978394	30.014494
625.423218	29.783194
625.868042	29.839180
626.312805	29.978691
626.757568	30.167095
627.202332	30.241404
627.647034	30.340487
628.091675	29.798248
628.536316	29.970562
628.980957	29.964050
629.425537	29.918850
629.870056	29.654741
630.314575	29.809378
630.759094	30.063911
631.203552	29.765652
631.648010	30.114227
632.092407	30.060192
632.536804	29.864996
632.981201	29.960205
633.425537	29.665419
633.869812	29.590996
634.314087	29.607809
634.758301	29.667074
635.202576	29.710344
635.646729	29.399914
636.090881	29.744631
636.535034	29.615192
636.979126	29.529749
637.423218	29.569433
637.867249	29.380779
638.311279	29.448360
638.755249	29.350908
639.199219	28.914288
639.643188	29.210899
640.087097	29.331736
640.530945	29.380224
640.974792	29.154186
641.418640	29.266117
641.862427	29.391722
642.306152	29.190277
642.749878	29.121441
643.193604	29.986530
643.637268	29.509371
644.080933	29.546471
644.524536	29.336794
644.968140	29.599026
645.411743	29.899826
645.855286	29.781488
646.298767	29.527765
646.742249	29.788633
647.185730	30.048210
647.629150	29.855869
648.072510	29.987898
648.515869	29.913301
648.959229	30.190805
649.402527	30.196589
649.845825	30.208132
650.289063	29.910921
650.732300	30.041685
651.175476	30.123846
651.618652	30.286095
652.061768	30.331200
652.504883	30.199083
652.947998	30.430065
653.391052	30.868900
653.834045	30.682802
654.277039	30.763990
654.720032	30.455791
655.162964	30.501926
655.605896	30.397268
656.048767	30.949017
656.491638	30.881763
656.934448	30.847467
657.377258	30.863737
657.820007	30.736897
658.262756	30.773050
658.705444	30.652910
659.148132	30.946671
659.590820	30.685081
660.033447	30.674402
660.476013	30.768007
660.918579	31.269285
661.361145	30.458908
661.803650	30.474392
662.246155	30.321766
662.688599	30.192362
663.131042	30.154331
663.573425	29.834656
664.015808	29.826578
664.458130	30.025261
664.900452	29.760164
665.342712	29.610544
665.784973	29.363457
666.227234	28.972895
666.669434	29.232492
667.111572	28.725609
667.553711	28.459335
667.995850	28.086613
668.437927	27.872145
668.880005	27.556864
669.322021	27.100079
669.764038	26.645771
670.205994	26.488869
670.647949	26.334087
671.089844	26.180502
671.531738	26.044819
671.973572	25.872572
672.415405	25.235142
672.857239	25.232746
673.299011	25.023016
673.740723	24.981581
674.182434	24.937220
674.624146	24.981842
675.065796	25.085365
675.507385	24.752491
675.949036	24.876181
676.390564	24.862625
676.832092	24.346603
677.273621	24.510830
677.715088	24.591457
678.156555	24.607430
678.598022	24.640720
679.039368	25.194420
679.480774	24.901793
679.922119	25.009687
680.363403	25.096453
680.804688	25.276283
681.245972	25.430300
681.687195	25.794579
682.128357	26.019495
682.569580	26.421864
683.010681	26.271145
683.451782	26.869638
683.892883	26.806652
684.333923	27.112677
684.774963	27.912243
685.215942	27.346157
685.656921	28.018423
686.097900	28.343931
686.538757	28.143921
686.979675	28.325630
687.420532	28.540880
687.861328	28.770376
688.302124	28.877893
688.742920	29.048254
689.183655	29.206432
689.624329	29.649103
690.065063	29.554585
690.505676	29.594069
690.946289	29.480633
691.386902	29.543295
691.827454	29.838568
692.268005	29.843849
692.708496	29.851507
693.148987	29.628941
693.589478	29.927120
694.029907	29.545176
694.470276	29.333868
694.910645	29.318407
695.350952	29.314852
695.791260	29.654083
696.231567	29.401634
696.671814	29.293417
697.112000	28.792208
697.552246	28.930109
697.992371	28.760073
698.432495	28.799997
698.872620	28.669231
699.312683	28.830097
699.752747	28.801479
700.192749	28.381342
700.632751	28.684834
701.072693	28.460211
701.512634	28.384966
701.952576	28.247726
702.392456	27.567116
702.832275	27.521687
703.272095	28.038122
703.711914	27.846453
704.151672	27.250456
704.591370	27.223951
705.031067	27.254303
705.470764	27.486048
705.910400	27.046867
706.350037	27.291048
706.789612	27.173809
707.229187	26.931313
707.668701	27.081116
708.108215	26.774607
708.547668	26.707884
708.987122	26.632017
709.426514	26.613588
709.865906	26.697491
710.305237	26.784037
710.744568	27.025442
711.183899	26.743725
711.623169	26.772507
712.062378	27.116404
712.501587	27.667238
712.940796	27.171745
713.379944	27.402283
713.819031	27.439070
714.258179	27.040375
714.697205	26.934389
715.136230	27.435434
715.575256	27.425751
716.014221	27.314117
716.453186	27.228306
716.892151	27.568310
717.330994	27.329260
717.769897	27.303345
718.208740	27.278221
718.647522	27.401260
719.086304	27.181116
719.525024	27.627527
719.963745	27.271105
720.402466	27.887142
720.841125	27.485069
721.279724	27.655310
721.718323	27.195213
722.156921	27.338751
722.595459	27.453449
723.033997	27.706688
723.472473	27.965218
723.910950	28.818457
724.349365	27.912773
724.787781	28.555895
725.226135	28.519836
725.664490	28.797438
726.102783	28.328373
726.541077	29.422081
726.979309	29.825977
727.417542	29.484741
727.855774	30.230679
728.293945	30.612467
728.732056	29.952421
729.170166	30.915895
729.608276	31.299540
730.046326	31.207603
730.484314	31.218504
730.922302	31.476355
731.360291	31.496855
731.798218	31.878582
732.236145	32.994347
732.674011	32.755337
733.111877	32.369957
733.549683	33.355015
733.987427	33.357460
734.425232	33.447731
734.862976	33.809715
735.300659	33.928833
735.738342	33.448826
736.175964	33.798687
736.613586	34.703846
737.051147	35.113071
737.488708	35.281094
737.926270	35.689060
738.363770	36.065823
738.801208	36.043751
739.238647	36.823223
739.676086	36.601891
740.113464	37.236034
740.550842	37.654671
740.988159	38.176971
741.425415	38.607719
741.862732	38.890835
742.299927	39.280281
742.737122	39.994122
743.174316	39.717232
743.611450	40.147976
744.048584	40.622513
744.485657	41.599831
744.922729	40.600742
745.359802	41.120869
745.796753	41.891136
746.233765	41.965843
746.670715	43.167885
747.107605	43.303780
747.544495	43.417931
747.981384	43.701797
748.418213	44.005119
748.854980	43.899483
749.291748	45.125629
749.728516	45.227058
750.165222	46.176781
750.601868	46.255413
751.038574	46.615097
751.475159	47.819580
751.911743	48.034130
752.348328	47.757591
752.784851	47.978157
753.221375	47.771652
753.657837	49.389957
754.094299	49.431015
754.530701	50.630276
754.967102	50.654938
755.403442	50.788197
755.839783	51.615681
756.276123	51.136536
756.712402	51.668579
757.148621	52.206120
757.584839	52.887665
758.020996	52.473480
758.457153	53.456306
758.893311	53.115894
759.329407	54.235340
759.765442	53.644958
760.201477	53.400818
760.637512	54.248573
761.073486	54.897644
761.509460	55.039524
761.945374	55.078880
762.381287	55.244652
762.817139	54.990242
763.252930	55.846397
763.688782	56.515369
764.124512	58.340424
764.560303	58.555134
764.995972	58.347305
765.431702	58.259834
765.867310	58.098503
766.302979	57.729454
766.738586	56.887814
767.174133	56.286121
767.609680	57.340897
768.045166	57.608685
768.480652	56.707333
768.916138	78.359039
769.351563	57.023937
769.786926	56.922333
770.222290	57.122089
770.657654	57.038681
771.092957	55.389568
771.528198	56.395569
771.963440	56.186676
772.398682	56.344070
772.833862	55.935577
773.269043	56.743336
773.704163	56.695801
774.139221	56.464848
774.574341	58.092606
775.009338	57.025757
775.444397	56.141739
775.879333	57.678776
776.314270	55.990395
776.749207	55.591419
777.184143	56.836876
777.618958	55.916325
778.053833	56.052326
778.488647	57.060741
778.923401	58.054718
779.358154	57.439911
779.792847	57.888763
780.227539	57.241840
780.662170	56.547619
781.096802	56.693195
781.531433	57.563961
781.966003	57.627735
782.400513	56.319687
782.835022	56.629517
783.269531	55.310112
783.703979	56.973179
784.138428	55.608238
784.572815	55.655632
785.007141	54.635017
785.441467	55.581856
785.875793	56.614048
786.310059	57.179897
786.744324	55.489952
787.178528	56.598297
787.612732	56.842457
788.046875	56.758579
788.481018	58.207531
788.915100	57.967659
789.349182	58.571342
789.783203	59.063499
790.217224	59.366615
790.651184	58.936550
791.085144	57.626873
791.519043	57.678452
791.952942	58.321178
792.386780	56.761204
792.820618	55.975357
793.254456	56.752216
793.688232	57.782536
794.121948	56.987225
794.555664	57.159672
794.989319	56.241024
795.422974	57.360447
795.856628	56.001087
796.290222	56.322208
796.723755	55.835583
797.157288	56.448116
797.590820	56.822617
798.024292	56.277878
798.457764	56.603016
798.891174	57.080410
799.324524	57.236748
799.757935	58.534447
800.191223	58.263123
