# 20100622 9:51:00 9:51:00 37.169
591.68 2930 0.002609665075109
591.68 2940 0.00614240060781
591.68 2950 0.02176174951514
591.68 2960 0.0678011890132
591.68 2970 0.1533490591678
591.68 2980 0.3669677023075
591.68 2990 0.78454304525
591.68 3000 1.264553952535
591.68 3010 2.623717931134
591.68 3020 3.922582742061
591.68 3030 8.97413380385
591.68 3040 11.6556663586
591.68 3050 17.99127465661
591.68 3060 20.76165800444
591.68 3070 30.59158049365
591.68 3080 39.9785421387
591.68 3090 41.63908366765
591.68 3100 48.71239170902
591.68 3110 78.52755873015
591.68 3120 80.36737979954
591.68 3130 94.2894559753
591.68 3140 105.412629019
591.68 3150 112.7901381153
591.68 3160 102.0587259113
591.68 3170 148.768984575
591.68 3180 141.3918763374
591.68 3190 156.9691965412
591.68 3200 174.1691218091
591.68 3210 182.2031315275
591.68 3220 178.7215307323
591.68 3230 168.053318384
591.68 3240 207.5507708786
591.68 3250 216.8054880032
591.68 3260 277.441570548
591.68 3270 285.1095839196
591.68 3280 264.8572626712
591.68 3290 299.8745126567
591.68 3300 329.5189578867
591.68 3310 289.5510088196
591.68 3320 300.071826534
591.68 3330 295.1501236595
591.68 3340 293.6962273531
591.68 3350 312.9252590177
591.68 3360 271.2433018298
591.68 3370 260.9769918445
591.68 3380 290.4669404412
591.68 3390 310.8403756123
591.68 3400 335.2353191808
591.68 3410 305.3286775284
591.68 3420 322.1950090953
591.68 3430 338.00523976
591.68 3440 267.5878318418
591.68 3450 306.0279002519
591.68 3460 305.130504607
591.68 3470 320.7918372306
591.68 3480 305.6038186133
591.68 3490 298.1687121816
591.68 3500 345.3572012379
591.68 3510 341.5567016469
591.68 3520 323.4147768827
591.68 3530 330.504697297
591.68 3540 375.8624873801
591.68 3550 373.7638918558
591.68 3560 344.1658450636
591.68 3570 282.222835814
591.68 3580 254.4906889446
591.68 3590 291.6944684567
591.68 3600 370.706829854
591.68 3610 307.1709112137
591.68 3620 324.516952312
591.68 3630 360.8416322263
591.68 3640 368.1252552691
591.68 3650 366.1790597107
591.68 3660 449.1898416007
591.68 3670 429.4680100319
591.68 3680 398.0620523403
591.68 3690 416.7994024258
591.68 3700 439.3232607454
591.68 3710 409.2854051699
591.68 3720 378.8335457386
591.68 3730 357.6838067581
591.68 3740 326.0057434661
591.68 3750 338.7413807909
591.68 3760 394.624218231
591.68 3770 418.970285697
591.68 3780 496.971381263
591.68 3790 413.1497905443
591.68 3800 397.6748564038
591.68 3810 436.211049785
591.68 3820 322.9943776217
591.68 3830 261.4310297485
591.68 3840 300.1535235919
591.68 3850 391.5446445722
591.68 3860 354.6812563391
591.68 3870 374.8415056926
591.68 3880 365.5552838864
591.68 3890 396.36205904
591.68 3900 453.539598022
591.68 3910 482.210468092
591.68 3920 437.234059628
591.68 3930 242.2022871928
591.68 3940 297.6442219271
591.68 3950 469.98864028
591.68 3960 405.4502838699
591.68 3970 254.182716983
591.68 3980 503.564422488
591.68 3990 586.119023063
591.68 4000 608.10487653
591.68 4010 626.174220375
591.68 4020 649.738777507
591.68 4030 620.728706923
591.68 4040 637.048946301
591.68 4050 626.37862008
591.68 4060 599.643954851
591.68 4070 595.122643436
591.68 4080 625.620916873
591.68 4090 661.542103312
591.68 4100 560.550457974
591.68 4110 650.713475635
591.68 4120 674.249831802
591.68 4130 645.636461678
591.68 4140 663.252803331
591.68 4150 647.46086413
591.68 4160 676.18183237
591.68 4170 644.650255152
591.68 4180 633.474326995
591.68 4190 644.604654283
591.68 4200 598.841550811
591.68 4210 670.126932961
591.68 4220 666.837734205
591.68 4230 611.819107929
591.68 4240 602.692193974
591.68 4250 606.191810999
591.68 4260 638.887301558
591.68 4270 595.463600761
591.68 4280 592.7697027
591.68 4290 547.992196413
591.68 4300 457.037070927
591.68 4310 413.689966284
591.68 4320 646.453174705
591.68 4330 652.784600529
591.68 4340 629.833248936
591.68 4350 662.687444511
591.68 4360 733.660741715
591.68 4370 726.669732827
591.68 4380 645.321225375
591.68 4390 602.850220792
591.68 4400 643.647639009
591.68 4410 673.426029156
591.68 4420 718.858062514
591.68 4430 705.562935917
591.68 4440 706.734749182
591.68 4450 696.689331167
591.68 4460 665.20165352
591.68 4470 737.180964309
591.68 4480 769.608965441
591.68 4490 744.430704623
591.68 4500 775.153602306
591.68 4510 820.463341885
591.68 4520 769.963708241
591.68 4530 697.267409372
591.68 4540 732.3634209
591.68 4550 765.381426957
591.68 4560 774.125663136
591.68 4570 798.493545461
591.68 4580 761.838948133
591.68 4590 769.424579782
591.68 4600 769.551282102
591.68 4610 771.127687102
591.68 4620 761.229358018
591.68 4630 760.866657168
591.68 4640 760.967157617
591.68 4650 745.359011423
591.68 4660 758.114649372
591.68 4670 742.989104604
591.68 4680 766.531174636
591.68 4690 766.383174491
591.68 4700 748.045520455
591.68 4710 742.406604237
591.68 4720 769.335684854
591.68 4730 751.494432621
591.68 4740 745.485215744
591.68 4750 772.463397481
591.68 4760 768.368987256
591.68 4770 764.061375611
591.68 4780 786.977342773
591.68 4790 753.697541148
591.68 4800 771.48729104
591.68 4810 763.996666155
591.68 4820 783.275921134
591.68 4830 773.039789064
591.68 4840 749.263417347
591.68 4850 733.195568715
591.68 4860 652.902130397
591.68 4870 651.16542441
591.68 4880 716.398516348
591.68 4890 702.688375016
591.68 4900 772.811081121
591.68 4910 735.604670422
591.68 4920 689.661134026
591.68 4930 738.208076249
591.68 4940 733.300960839
591.68 4950 789.987226834
591.68 4960 760.024837555
591.68 4970 753.378016933
591.68 4980 712.262794945
591.68 4990 725.017332679
591.68 5000 724.098235366
591.68 5010 709.001697423
591.68 5020 691.629552528
591.68 5030 730.127373549
591.68 5040 725.668866917
591.68 5050 737.184608214
591.68 5060 770.173714009
591.68 5070 736.361219117
591.68 5080 701.330219935
591.68 5090 746.655663871
591.68 5100 742.732158564
591.68 5110 738.49335253
591.68 5120 751.087597695
591.68 5130 712.607286526
591.68 5140 700.402655357
591.68 5150 693.310039972
591.68 5160 730.273260632
591.68 5170 617.665217557
591.68 5180 644.963708428
591.68 5190 637.494891072
591.68 5200 698.323787389
591.68 5210 715.079946454
591.68 5220 730.26330087
591.68 5230 695.705698455
591.68 5240 736.29033377
591.68 5250 737.608844729
591.68 5260 692.56230792
591.68 5270 649.207175956
591.68 5280 721.373613426
591.68 5290 731.504252796
591.68 5300 730.562856515
591.68 5310 760.329659626
591.68 5320 724.632350654
591.68 5330 646.047101565
591.68 5340 672.727894256
591.68 5350 708.475516964
591.68 5360 742.924835785
591.68 5370 715.776952992
591.68 5380 736.209226548
591.68 5390 722.1750866
591.68 5400 675.62993872
591.68 5410 668.424620886
591.68 5420 709.732364449
591.68 5430 717.384896251
591.68 5440 724.79582505
591.68 5450 727.24642704
591.68 5460 699.30412551
591.68 5470 711.901258879
591.68 5480 693.656490169
591.68 5490 702.085309675
591.68 5500 704.655109794
591.68 5510 703.140896556
591.68 5520 717.886336309
591.68 5530 692.071644258
591.68 5540 707.215385003
591.68 5550 711.759891538
591.68 5560 699.776244784
591.68 5570 687.500597524
591.68 5580 691.690902964
591.68 5590 676.546347018
591.68 5600 682.997059763
591.68 5610 697.282697275
591.68 5620 667.644496965
591.68 5630 699.158988453
591.68 5640 689.76055184
591.68 5650 691.030048808
591.68 5660 650.160315219
591.68 5670 669.408770958
591.68 5680 675.091491471
591.68 5690 650.802621576
591.68 5700 651.739716319
591.68 5710 644.368479575
591.68 5720 657.513818106
591.68 5730 671.338952735
591.68 5740 665.265925685
591.68 5750 653.900084378
591.68 5760 659.179592918
591.68 5770 664.428698664
591.68 5780 657.35446502
591.68 5790 647.434024095
591.68 5800 664.121163268
591.68 5810 670.127969651
591.68 5820 685.373604499
591.68 5830 683.998192285
591.68 5840 679.381371131
591.68 5850 672.798244779
591.68 5860 652.057678817
591.68 5870 655.352888794
591.68 5880 630.46432811
591.68 5890 565.875950636
591.68 5900 570.424859338
591.68 5910 606.160549811
591.68 5920 598.629221247
591.68 5930 610.659840422
591.68 5940 616.150651272
591.68 5950 602.827711822
591.68 5960 617.006036856
591.68 5970 625.627152923
591.68 5980 623.827235811
591.68 5990 624.741526154
591.68 6000 637.276746074
591.68 6010 629.583711919
591.68 6020 630.589004351
591.68 6030 636.032910822
591.68 6040 657.813967131
591.68 6050 661.432276987
591.68 6060 655.703462455
591.68 6070 649.912647933
591.68 6080 654.486861383
591.68 6090 649.440349008
591.68 6100 639.000522084
591.68 6110 639.132823686
591.68 6120 646.843645724
591.68 6130 635.169215482
591.68 6140 628.622299061
591.68 6150 630.445405261
591.68 6160 610.374752209
591.68 6170 600.74382744
591.68 6180 636.397425435
591.68 6190 642.854444422
591.68 6200 637.355531044
591.68 6210 646.409857261
591.68 6220 634.97252786
591.68 6230 627.126608281
591.68 6240 611.59826774
591.68 6250 609.424963791
591.68 6260 600.836444477
591.68 6270 606.918171952
591.68 6280 589.678938022
591.68 6290 603.312874099
591.68 6300 599.971459685
591.68 6310 598.354253888
591.68 6320 584.174618071
591.68 6330 604.107068977
591.68 6340 599.413653962
591.68 6350 608.921080739
591.68 6360 600.507257148
591.68 6370 611.388086284
591.68 6380 623.351016674
591.68 6390 613.681789792
591.68 6400 599.770050859
591.68 6410 604.088763186
591.68 6420 613.891790705
591.68 6430 612.283889623
591.68 6440 600.603359839
591.68 6450 592.575244108
591.68 6460 577.735916385
591.68 6470 561.086580107
591.68 6480 554.740368557
591.68 6490 556.987470274
591.68 6500 566.359186056
591.68 6510 579.913524787
591.68 6520 568.615700783
591.68 6530 581.916330765
591.68 6540 578.714122666
591.68 6550 561.770580357
591.68 6560 498.295901891
591.68 6570 516.005449067
591.68 6580 568.161190851
591.68 6590 576.024009617
591.68 6600 578.000613115
591.68 6610 596.081659718
591.68 6620 599.538267397
591.68 6630 596.802360669
591.68 6640 591.356846127
591.68 6650 590.886446729
591.68 6660 589.367044592
591.68 6670 585.655836479
591.68 6680 597.708872379
591.68 6690 596.728172299
591.68 6700 592.550463466
591.68 6710 589.076156585
591.68 6720 581.766938963
591.68 6730 584.4075494
591.68 6740 587.988462515
591.68 6750 585.766359242
591.68 6760 585.039960213
591.68 6770 583.209758041
591.68 6780 580.927454591
591.68 6790 579.854154866
591.68 6800 576.914450479
591.68 6810 572.616242333
591.68 6820 572.064144425
591.68 6830 569.409040773
591.68 6840 568.592242854
591.68 6850 565.028735629
591.68 6860 532.775954487
591.68 6870 474.61271761
591.68 6880 475.584825824
591.68 6890 473.902623281
591.68 6900 489.913869132
591.68 6910 502.19720213
591.68 6920 502.920107024
591.68 6930 487.091272629
591.68 6940 472.551439229
591.68 6950 477.816555856
591.68 6960 490.53939002
591.68 6970 516.479855666
591.68 6980 505.073327774
591.68 6990 483.381678339
591.68 7000 475.801560163
591.68 7010 468.424841611
591.68 7020 473.835157318
591.68 7030 495.972417051
591.68 7040 501.33943439
591.68 7050 497.028428581
591.68 7060 493.149919341
591.68 7070 487.901803533
591.68 7080 500.595041908
591.68 7090 503.651850301
591.68 7100 501.562949286
591.68 7110 505.432859231
591.68 7120 507.067462106
591.68 7130 498.034240389
591.68 7140 497.663345955
591.68 7150 479.825600385
591.68 7160 457.003542632
591.68 7170 410.93672303
591.68 7180 364.104395579
591.68 7190 336.651418846
591.68 7200 340.465131094
591.68 7210 407.653414337
591.68 7220 434.529483208
591.68 7230 419.992841707
591.68 7240 389.693659439
591.68 7250 383.266138758
591.68 7260 383.755038081
591.68 7270 385.599740418
591.68 7280 379.197718445
591.68 7290 383.585224767
591.68 7300 389.287940492
591.68 7310 388.28563416
591.68 7320 418.583516271
591.68 7330 446.638888648
591.68 7340 467.658943391
591.68 7350 462.906928313
591.68 7360 450.264790866
591.68 7370 457.774708934
591.68 7380 464.724122415
591.68 7390 466.195719945
591.68 7400 476.606242015
591.68 7410 478.561239997
591.68 7420 477.991532376
591.68 7430 493.946572773
591.68 7440 500.621187227
591.68 7450 496.378769946
591.68 7460 498.861073328
591.68 7470 502.573281401
591.68 7480 502.316777289
591.68 7490 494.520251739
591.68 7500 492.240943466
591.68 7510 500.014064047
591.68 7520 498.593856752
591.68 7530 495.741545776
591.68 7540 500.759258058
591.68 7550 499.795053084
591.68 7560 494.402535289
591.68 7570 491.692825529
591.68 7580 477.663188507
591.68 7590 389.63166045
591.68 7600 178.6509874395
591.68 7610 137.3211737779
591.68 7620 219.776814657
591.68 7630 217.5218135164
591.68 7640 239.6692749638
591.68 7650 295.6160161362
591.68 7660 356.703865894
591.68 7670 398.19797066
591.68 7680 438.825374803
591.68 7690 459.864922408
591.68 7700 468.660538529
591.68 7710 469.868436042
591.68 7720 466.600123338
591.68 7730 469.946930259
591.68 7740 474.677141194
591.68 7750 461.826302554
591.68 7760 468.545119232
591.68 7770 471.641425932
591.68 7780 468.72041584
591.68 7790 471.317221271
591.68 7800 466.036704481
591.68 7810 464.794898655
591.68 7820 468.002605651
591.68 7830 463.459891214
591.68 7840 458.330075862
591.68 7850 460.385882332
591.68 7860 452.127161825
591.68 7870 445.060646755
591.68 7880 438.5155321
591.68 7890 425.412601366
591.68 7900 420.732688382
591.68 7910 419.802182635
591.68 7920 420.217379853
591.68 7930 420.155373015
591.68 7940 421.33036787
591.68 7950 414.695652618
591.68 7960 408.061641917
591.68 7970 414.120355617
591.68 7980 423.628074094
591.68 7990 418.58495941
591.68 8000 406.905529679
