# Optical absorption spectrum of Phenylalanine in water
#
# Data from PhotochemCAD 2.1a has been munged on  2 June 2017 by Scott Prahl to make
# the information available to non-Windows users.  Although I have tried to be as careful
# as possible, I may have introduced some error; the cautious user is advised to compare
# these results with the original sources at www.photochemcad.com:
#
# H. Du, R. A. Fuh, J. Li, A. Corkan, J. S. Lindsey, "PhotochemCAD: A computer-aided design
#     and research tool in photochemistry," Photochem. Photobiol., 68, 141-142, 1998.
# J. M. Dixon, M. Taniguchi and J. S. Lindsey "PhotochemCAD 2. A refined program with accompanying
#     spectral databases for photochemical calculations", Photochem. Photobiol., 81, 212-213, 2005.
#
# The spectral absorption measurements were made by R.-C. A. Fuh in the summer of 1995 using a Cary 3.
# The absorption values were collected using a spectral bandwidth of 1.0 nm, a signal averaging time of 0.133 sec, a data interval of 0.25 nm, and a scan rate of 112.5 nm/min.
#
# These measurements were scaled to make the molar extinction coefficient match
# the value of 195 cm-1/M at 257.5 nm.  These values were
# then interpolated to report extinction coefficients at regular 1nm intervals
#
# The reported molar extinction coefficient is from
# Fasman, G. D., Editor (1976) Handbook of Biochemistry and Molecular Biology, 3rd Edition, Proteins, Volume I, pp. 183-203, CRC Press, Cleveland, Ohio.
#
##Wavelength (nm)	Molar Extinction (cm-1/M)
222	287
222.25	254
222.5	225
222.75	200
223	177
223.25	157
223.5	140
223.75	125
224	112
224.25	101
224.5	91
224.75	83
225	76
225.25	69
225.5	64
225.75	59
226	55
226.25	51
226.5	49
226.75	46
227	43
227.25	41
227.5	40
227.75	38
228	37
228.25	36
228.5	35
228.75	35
229	34
229.25	34
229.5	33
229.75	33
230	33
230.25	33
230.5	33
230.75	33
231	32
231.25	33
231.5	32
231.75	33
232	33
232.25	33
232.5	33
232.75	34
233	34
233.25	35
233.5	36
233.75	37
234	37
234.25	38
234.5	39
234.75	40
235	41
235.25	42
235.5	43
235.75	44
236	45
236.25	46
236.5	46
236.75	47
237	48
237.25	49
237.5	50
237.75	51
238	52
238.25	54
238.5	55
238.75	57
239	59
239.25	60
239.5	62
239.75	64
240	65
240.25	67
240.5	69
240.75	71
241	72
241.25	73
241.5	73
241.75	74
242	75
242.25	76
242.5	77
242.75	78
243	79
243.25	81
243.5	83
243.75	85
244	87
244.25	89
244.5	93
244.75	95
245	98
245.25	101
245.5	103
245.75	106
246	107
246.25	110
246.5	110
246.75	111
247	111
247.25	112
247.5	112
247.75	112
248	112
248.25	113
248.5	115
248.75	117
249	120
249.25	124
249.5	127
249.75	132
250	136
250.25	141
250.5	145
250.75	149
251	152
251.25	154
251.5	155
251.75	155
252	154
252.25	152
252.5	150
252.75	148
253	146
253.25	144
253.5	143
253.75	142
254	142
254.25	143
254.5	145
254.75	145
255	147
255.25	151
255.5	155
255.75	161
256	167
256.25	173
256.5	180
256.75	186
257	191
257.25	194
257.5	194
257.75	192
258	189
258.25	182
258.5	177
258.75	171
259	163
259.25	157
259.5	151
259.75	148
260	143
260.25	140
260.5	137
260.75	135
261	133
261.25	132
261.5	131
261.75	133
262	135
262.25	139
262.5	143
262.75	147
263	149
263.25	149
263.5	146
263.75	140
264	133
264.25	124
264.5	117
264.75	109
265	103
265.25	97
265.5	93
265.75	90
266	88
266.25	86
266.5	85
266.75	83
267	80
267.25	76
267.5	71
267.75	65
268	59
268.25	53
268.5	47
268.75	42
269	37
269.25	32
269.5	29
269.75	25
270	23
270.25	21
270.5	19
270.75	18
271	16
271.25	15
271.5	13
271.75	12
272	11
272.25	10
272.5	8
272.75	8
273	7
273.25	6
273.5	6
273.75	5
274	5
274.25	5
274.5	4
274.75	4
275	3
275.25	3
275.5	3
275.75	3
276	2
276.25	2
276.5	2
276.75	2
277	2
277.25	2
277.5	2
277.75	2
278	2
278.25	2
278.5	2
278.75	1
279	2
279.25	1
279.5	1
279.75	2
280	1
280.25	1
280.5	1
280.75	1
281	1
281.25	2
281.5	2
281.75	1
282	1
282.25	1
282.5	1
282.75	1
283	1
283.25	1
283.5	1
283.75	1
284	1
284.25	1
284.5	1
284.75	1
285	1
285.25	1
285.5	1
285.75	1
286	1
286.25	1
286.5	1
286.75	1
287	1
287.25	1
287.5	1
287.75	0
288	0
288.25	1
288.5	0
288.75	0
289	1
289.25	1
289.5	0
289.75	1
290	1
290.25	0
290.5	1
290.75	0
291	1
291.25	0
291.5	0
291.75	0
292	0
292.25	0
292.5	1
292.75	0
293	0
293.25	1
293.5	1
293.75	0
294	1
294.25	1
294.5	0
294.75	0
295	0
295.25	1
295.5	1
295.75	0
296	0
296.25	1
296.5	0
296.75	0
297	0
297.25	1
297.5	1
297.75	1
298	1
298.25	0
298.5	0
298.75	1
299	0
299.25	0
299.5	0
299.75	0
300	0
300.25	0
300.5	0
300.75	1
301	1
301.25	1
301.5	0
301.75	0
302	0
302.25	1
302.5	0
302.75	0
303	0
303.25	0
303.5	1
303.75	0
304	0
304.25	0
304.5	1
304.75	0
305	0
305.25	1
305.5	0
305.75	0
306	0
306.25	0
306.5	0
306.75	0
307	0
307.25	0
307.5	0
307.75	0
308	0
308.25	0
308.5	0
308.75	0
309	0
309.25	0
309.5	0
309.75	1
310	0
310.25	1
310.5	0
310.75	1
311	1
311.25	0
311.5	0
311.75	1
312	0
312.25	1
312.5	0
312.75	1
313	0
313.25	1
313.5	0
313.75	0
314	2
314.25	0
314.5	1
314.75	1
315	1
315.25	0
315.5	1
315.75	1
316	0
316.25	1
316.5	0
316.75	0
317	1
317.25	1
317.5	1
317.75	0
318	0
318.25	1
318.5	0
318.75	0
319	0
319.25	1
319.5	0
319.75	0
320	0
320.25	0
320.5	0
320.75	0
321	0
321.25	0
321.5	1
321.75	1
322	1
322.25	1
322.5	1
322.75	0
323	1
323.25	0
323.5	1
323.75	0
324	0
324.25	0
324.5	0
324.75	1
325	1
325.25	1
325.5	0
325.75	0
326	1
326.25	0
326.5	1
326.75	0
327	1
327.25	0
327.5	0
327.75	0
328	0
328.25	1
328.5	0
328.75	0
329	0
329.25	1
329.5	0
329.75	0
330	0
330.25	0
330.5	0
330.75	0
331	1
331.25	0
331.5	0
331.75	0
332	0
332.25	0
332.5	0
332.75	0
333	0
333.25	0
333.5	0
333.75	0
334	0
334.25	0
334.5	0
334.75	0
335	0
335.25	0
335.5	0
335.75	0
336	0
336.25	0
336.5	0
336.75	0
337	1
337.25	0
337.5	0
337.75	0
338	0
338.25	0
338.5	0
338.75	0
339	1
339.25	1
339.5	0
339.75	0
340	0
340.25	0
340.5	0
340.75	1
341	0
341.25	1
341.5	0
341.75	1
342	0
342.25	0
342.5	1
342.75	0
343	0
343.25	0
343.5	0
343.75	0
344	0
344.25	0
344.5	0
344.75	0
345	0
345.25	0
345.5	0
345.75	0
346	0
346.25	0
346.5	0
346.75	0
347	0
347.25	0
347.5	0
347.75	1
348	0
348.25	1
348.5	1
348.75	1
349	0
349.25	0
349.5	0
349.75	0
350	0
350.25	0
350.5	0
350.75	1
351	0
351.25	0
351.5	0
351.75	1
352	0
352.25	0
352.5	0
352.75	1
353	0
353.25	0
353.5	0
353.75	0
354	0
354.25	1
354.5	0
354.75	0
355	0
355.25	0
355.5	0
355.75	0
356	1
356.25	0
356.5	0
356.75	0
357	0
357.25	0
357.5	1
357.75	0
358	0
358.25	0
358.5	0
358.75	0
359	0
359.25	0
359.5	0
359.75	1
360	0
360.25	0
360.5	0
360.75	0
361	0
361.25	0
361.5	0
361.75	0
362	0
362.25	0
362.5	0
362.75	0
363	0
363.25	0
363.5	1
363.75	0
364	0
364.25	0
364.5	0
364.75	0
365	0
365.25	0
365.5	0
365.75	0
366	0
366.25	0
366.5	0
366.75	0
367	0
367.25	1
367.5	0
367.75	0
368	1
368.25	1
368.5	0
368.75	0
369	0
369.25	0
369.5	0
369.75	0
370	0
370.25	0
370.5	0
370.75	0
371	1
371.25	0
371.5	0
371.75	0
372	0
372.25	0
372.5	0
372.75	0
373	0
373.25	0
373.5	0
373.75	0
374	0
374.25	0
374.5	0
374.75	0
375	0
375.25	0
375.5	0
375.75	0
376	0
376.25	0
376.5	0
376.75	0
377	0
377.25	0
377.5	0
377.75	0
378	0
378.25	0
378.5	0
378.75	0
379	0
379.25	0
379.5	0
379.75	0
380	0
380.25	0
380.5	0
380.75	0
381	0
381.25	0
381.5	0
381.75	0
382	0
382.25	0
382.5	0
382.75	0
383	0
383.25	0
383.5	0
383.75	0
384	0
384.25	0
384.5	0
384.75	0
385	0
385.25	0
385.5	0
385.75	0
386	0
386.25	0
386.5	0
386.75	0
387	0
387.25	0
387.5	0
387.75	0
388	0
388.25	0
388.5	0
388.75	0
389	0
389.25	0
389.5	0
389.75	0
390	0
390.25	0
390.5	0
390.75	0
391	0
391.25	0
391.5	0
391.75	0
392	0
392.25	0
392.5	0
392.75	0
393	0
393.25	1
393.5	0
393.75	0
394	0
394.25	0
394.5	0
394.75	0
395	0
395.25	0
395.5	0
395.75	0
396	0
396.25	0
396.5	0
396.75	0
397	0
397.25	0
397.5	0
397.75	0
398	0
398.25	0
398.5	0
398.75	0
399	0
399.25	0
399.5	0
399.75	0
400	0
400.25	0
400.5	0
400.75	0
401	0
401.25	0
401.5	0
401.75	0
402	0
402.25	0
402.5	0
402.75	0
403	0
403.25	0
403.5	0
403.75	0
404	0
404.25	0
404.5	0
404.75	0
405	0
405.25	0
405.5	0
405.75	0
406	0
406.25	0
406.5	0
406.75	0
407	0
407.25	0
407.5	0
407.75	0
408	0
408.25	0
408.5	0
408.75	0
409	0
409.25	0
409.5	0
409.75	0
410	0
410.25	0
410.5	0
410.75	0
411	0
411.25	0
411.5	0
411.75	0
412	0
412.25	0
412.5	0
412.75	0
413	0
413.25	0
413.5	0
413.75	0
414	0
414.25	0
414.5	0
414.75	0
415	0
415.25	0
415.5	0
415.75	0
416	0
416.25	0
416.5	0
416.75	0
417	0
417.25	0
417.5	0
417.75	0
418	0
418.25	0
418.5	0
418.75	0
419	0
419.25	0
419.5	0
419.75	0
420	0
420.25	0
420.5	0
420.75	0
421	0
421.25	0
421.5	0
421.75	0
422	0
422.25	0
422.5	0
422.75	0
423	0
423.25	0
423.5	0
423.75	0
424	0
424.25	0
424.5	0
424.75	0
425	0
425.25	0
425.5	0
425.75	0
426	0
426.25	0
426.5	0
426.75	0
427	0
427.25	0
427.5	0
427.75	0
428	0
428.25	0
428.5	0
428.75	0
429	0
429.25	0
429.5	0
429.75	0
430	0
430.25	0
430.5	0
430.75	0
431	0
431.25	0
431.5	0
431.75	0
432	0
432.25	0
432.5	0
432.75	0
433	0
433.25	0
433.5	0
433.75	0
434	0
434.25	0
434.5	0
434.75	0
435	0
435.25	0
435.5	0
435.75	0
436	0
436.25	0
436.5	0
436.75	0
437	0
437.25	0
437.5	0
437.75	0
438	0
438.25	0
438.5	0
438.75	0
439	0
439.25	0
439.5	0
439.75	0
440	0
440.25	0
440.5	0
440.75	0
441	0
441.25	0
441.5	0
441.75	0
442	0
442.25	0
442.5	0
442.75	0
443	0
443.25	0
443.5	0
443.75	0
444	0
444.25	0
444.5	0
444.75	0
445	0
445.25	0
445.5	0
445.75	0
446	0
446.25	0
446.5	0
446.75	0
447	0
447.25	0
447.5	0
447.75	0
448	0
448.25	0
448.5	0
448.75	0
449	0
449.25	0
449.5	0
449.75	0
450	0
450.25	0
450.5	0
450.75	0
451	0
451.25	0
451.5	0
451.75	0
452	0
452.25	0
452.5	0
452.75	0
453	0
453.25	0
453.5	0
453.75	0
454	0
454.25	0
454.5	0
454.75	0
455	0
455.25	0
455.5	0
455.75	0
456	0
456.25	0
456.5	0
456.75	0
457	0
457.25	0
457.5	0
457.75	0
458	0
458.25	0
458.5	0
458.75	0
459	0
459.25	0
459.5	0
459.75	0
460	0
460.25	0
460.5	0
460.75	0
461	0
461.25	0
461.5	0
461.75	0
462	0
462.25	0
462.5	0
462.75	0
463	0
463.25	0
463.5	0
463.75	0
464	0
464.25	0
464.5	0
464.75	0
465	0
465.25	0
465.5	0
465.75	0
466	0
466.25	0
466.5	0
466.75	0
467	0
467.25	0
467.5	0
467.75	0
468	0
468.25	0
468.5	0
468.75	0
469	0
469.25	0
469.5	0
469.75	0
470	0
470.25	0
470.5	0
470.75	0
471	0
471.25	0
471.5	0
471.75	0
472	0
472.25	0
472.5	0
472.75	0
473	0
473.25	0
473.5	0
473.75	0
474	0
474.25	0
474.5	0
474.75	0
475	0
475.25	0
475.5	0
475.75	0
476	0
476.25	0
476.5	0
476.75	0
477	0
477.25	0
477.5	0
477.75	0
478	0
478.25	0
478.5	0
478.75	0
479	0
479.25	0
479.5	0
479.75	0
480	0
480.25	0
480.5	0
480.75	0
481	0
481.25	0
481.5	0
481.75	0
482	0
482.25	0
482.5	0
482.75	0
483	0
483.25	0
483.5	0
483.75	0
484	0
484.25	0
484.5	0
484.75	0
485	0
485.25	0
485.5	0
485.75	0
486	0
486.25	0
486.5	0
486.75	0
487	0
487.25	0
487.5	0
487.75	0
488	0
488.25	0
488.5	0
488.75	0
489	0
489.25	0
489.5	0
489.75	0
490	0
490.25	0
490.5	0
490.75	0
491	0
491.25	0
491.5	0
491.75	0
492	0
492.25	0
492.5	0
492.75	0
493	0
493.25	0
493.5	0
493.75	0
494	0
494.25	0
494.5	0
494.75	0
495	0
495.25	0
495.5	0
495.75	0
496	0
496.25	0
496.5	0
496.75	0
497	0
497.25	0
497.5	0
497.75	0
498	0
498.25	0
498.5	0
498.75	0
499	0
499.25	0
499.5	0
499.75	0
500	0
500.25	0
500.5	0
500.75	0
501	0
501.25	0
501.5	0
501.75	0
502	0
502.25	0
502.5	0
502.75	0
503	0
503.25	0
503.5	0
503.75	0
504	0
504.25	0
504.5	0
504.75	0
505	0
505.25	0
505.5	0
505.75	0
506	0
506.25	0
506.5	0
506.75	0
507	0
507.25	0
507.5	0
507.75	0
508	0
508.25	0
508.5	0
508.75	0
509	0
509.25	0
509.5	0
509.75	0
510	0
510.25	0
510.5	0
510.75	0
511	0
511.25	0
511.5	0
511.75	0
512	0
512.25	0
512.5	0
512.75	0
513	0
513.25	0
513.5	0
513.75	0
514	0
514.25	0
514.5	0
514.75	0
515	0
515.25	0
515.5	0
515.75	0
516	0
516.25	0
516.5	0
516.75	0
517	0
517.25	0
517.5	0
517.75	0
518	0
518.25	0
518.5	0
518.75	0
519	0
519.25	0
519.5	0
519.75	0
520	0
520.25	0
520.5	0
520.75	0
521	0
521.25	0
521.5	0
521.75	0
522	0
522.25	0
522.5	0
522.75	0
523	0
523.25	0
523.5	0
523.75	0
524	0
524.25	0
524.5	0
524.75	0
525	0
525.25	0
525.5	0
525.75	0
526	0
526.25	0
526.5	0
526.75	0
527	0
527.25	0
527.5	0
527.75	0
528	0
528.25	0
528.5	0
528.75	0
529	0
529.25	0
529.5	0
529.75	0
530	0
530.25	0
530.5	0
530.75	0
531	0
531.25	0
531.5	0
531.75	0
532	0
532.25	0
532.5	0
532.75	0
533	0
533.25	0
533.5	0
533.75	0
534	0
534.25	0
534.5	0
534.75	0
535	0
535.25	0
535.5	0
535.75	0
536	0
536.25	0
536.5	0
536.75	0
537	0
537.25	0
537.5	0
537.75	0
538	0
538.25	0
538.5	0
538.75	0
539	0
539.25	0
539.5	0
539.75	0
540	0
540.25	0
540.5	0
540.75	0
541	0
541.25	0
541.5	0
541.75	0
542	0
542.25	0
542.5	0
542.75	0
543	0
543.25	0
543.5	0
543.75	0
544	0
544.25	0
544.5	0
544.75	0
545	0
545.25	0
545.5	0
545.75	0
546	0
546.25	0
546.5	0
546.75	0
547	0
547.25	0
547.5	0
547.75	0
548	0
548.25	0
548.5	0
548.75	0
549	0
549.25	0
549.5	0
549.75	0
550	0
550.25	0
550.5	0
550.75	0
551	0
551.25	0
551.5	0
551.75	0
552	0
552.25	0
552.5	0
552.75	0
553	0
553.25	0
553.5	0
553.75	0
554	0
554.25	0
554.5	0
554.75	0
555	0
555.25	0
555.5	0
555.75	0
556	0
556.25	0
556.5	0
556.75	0
557	0
557.25	0
557.5	0
557.75	0
558	0
558.25	0
558.5	0
558.75	0
559	0
559.25	0
559.5	0
559.75	0
560	0
560.25	0
560.5	0
560.75	0
561	0
561.25	0
561.5	0
561.75	0
562	0
562.25	0
562.5	0
562.75	0
563	0
563.25	0
563.5	0
563.75	0
564	0
564.25	0
564.5	0
564.75	0
565	0
565.25	0
565.5	0
565.75	0
566	0
566.25	0
566.5	0
566.75	0
567	0
567.25	0
567.5	0
567.75	0
568	0
568.25	0
568.5	0
568.75	0
569	0
569.25	0
569.5	0
569.75	0
570	0
570.25	0
570.5	0
570.75	0
571	0
571.25	0
571.5	0
571.75	0
572	0
572.25	0
572.5	0
572.75	0
573	0
573.25	0
573.5	0
573.75	0
574	0
574.25	0
574.5	0
574.75	0
575	0
575.25	0
575.5	0
575.75	0
576	0
576.25	0
576.5	0
576.75	0
577	0
577.25	0
577.5	0
577.75	0
578	0
578.25	0
578.5	0
578.75	0
579	0
579.25	0
579.5	0
579.75	0
580	0
580.25	0
580.5	0
580.75	0
581	0
581.25	0
581.5	0
581.75	0
582	0
582.25	0
582.5	0
582.75	0
583	0
583.25	0
583.5	0
583.75	0
584	0
584.25	0
584.5	0
584.75	0
585	0
585.25	0
585.5	0
585.75	0
586	0
586.25	0
586.5	0
586.75	0
587	0
587.25	0
587.5	0
587.75	0
588	0
588.25	0
588.5	0
588.75	0
589	0
589.25	0
589.5	0
589.75	0
590	0
590.25	0
590.5	0
590.75	0
591	0
591.25	0
591.5	0
591.75	0
592	0
592.25	0
592.5	0
592.75	0
593	0
593.25	0
593.5	0
593.75	0
594	0
594.25	0
594.5	0
594.75	0
595	0
595.25	0
595.5	0
595.75	0
596	0
596.25	0
596.5	0
596.75	0
597	0
597.25	0
597.5	0
597.75	0
598	0
598.25	0
598.5	0
598.75	0
599	0
599.25	0
599.5	0
599.75	0
600	0
600.25	0
600.5	0
600.75	0
601	0
601.25	0
601.5	0
601.75	0
602	0
602.25	0
602.5	0
602.75	0
603	0
603.25	0
603.5	0
603.75	0
604	0
604.25	0
604.5	0
604.75	0
605	0
605.25	0
605.5	0
605.75	0
606	0
606.25	0
606.5	0
606.75	0
607	0
607.25	0
607.5	0
607.75	0
608	0
608.25	0
608.5	0
608.75	0
609	0
609.25	0
609.5	0
609.75	0
610	0
610.25	0
610.5	0
610.75	0
611	0
611.25	0
611.5	0
611.75	0
612	0
612.25	0
612.5	0
612.75	0
613	0
613.25	0
613.5	0
613.75	0
614	0
614.25	0
614.5	0
614.75	0
615	0
615.25	0
615.5	0
615.75	0
616	0
616.25	0
616.5	0
616.75	0
617	0
617.25	0
617.5	0
617.75	0
618	0
618.25	0
618.5	0
618.75	0
619	0
619.25	0
619.5	0
619.75	0
620	0
620.25	0
620.5	0
620.75	0
621	0
621.25	0
621.5	0
621.75	0
622	0
622.25	0
622.5	0
622.75	0
623	0
623.25	0
623.5	0
623.75	0
624	0
624.25	0
624.5	0
624.75	0
625	0
625.25	0
625.5	0
625.75	0
626	0
626.25	0
626.5	0
626.75	0
627	0
627.25	0
627.5	0
627.75	0
628	0
628.25	0
628.5	0
628.75	0
629	0
629.25	0
629.5	0
629.75	0
630	0
630.25	0
630.5	0
630.75	0
631	0
631.25	0
631.5	0
631.75	0
632	0
632.25	0
632.5	0
632.75	0
633	0
633.25	0
633.5	0
633.75	0
634	0
634.25	0
634.5	0
634.75	0
635	0
635.25	0
635.5	0
635.75	0
636	0
636.25	0
636.5	0
636.75	0
637	0
637.25	0
637.5	0
637.75	0
638	0
638.25	0
638.5	0
638.75	0
639	0
639.25	0
639.5	0
639.75	0
640	0
640.25	0
640.5	0
640.75	0
641	0
641.25	0
641.5	0
641.75	0
642	0
642.25	0
642.5	0
642.75	0
643	0
643.25	0
643.5	0
643.75	0
644	0
644.25	0
644.5	0
644.75	0
645	0
645.25	0
645.5	0
645.75	0
646	0
646.25	0
646.5	0
646.75	0
647	0
647.25	0
647.5	0
647.75	0
648	0
648.25	0
648.5	0
648.75	0
649	0
649.25	0
649.5	0
649.75	0
650	0
650.25	0
650.5	0
650.75	0
651	0
651.25	0
651.5	0
651.75	0
652	0
652.25	0
652.5	0
652.75	0
653	0
653.25	0
653.5	0
653.75	0
654	0
654.25	0
654.5	0
654.75	0
655	0
655.25	0
655.5	0
655.75	0
656	0
656.25	0
656.5	0
656.75	0
657	0
657.25	0
657.5	0
657.75	0
658	0
658.25	0
658.5	0
658.75	0
659	0
659.25	0
659.5	0
659.75	0
660	0
660.25	0
660.5	0
660.75	0
661	0
661.25	0
661.5	0
661.75	0
662	0
662.25	0
662.5	0
662.75	0
663	0
663.25	0
663.5	0
663.75	0
664	0
664.25	0
664.5	0
664.75	0
665	0
665.25	0
665.5	0
665.75	0
666	0
666.25	0
666.5	0
666.75	0
667	0
667.25	0
667.5	0
667.75	0
668	0
668.25	0
668.5	0
668.75	0
669	0
669.25	0
669.5	0
669.75	0
670	0
670.25	0
670.5	0
670.75	0
671	0
671.25	0
671.5	0
671.75	0
672	0
672.25	0
672.5	0
672.75	0
673	0
673.25	0
673.5	0
673.75	0
674	0
674.25	0
674.5	0
674.75	0
675	0
675.25	0
675.5	0
675.75	0
676	0
676.25	0
676.5	0
676.75	0
677	0
677.25	0
677.5	0
677.75	0
678	0
678.25	0
678.5	0
678.75	0
679	0
679.25	0
679.5	0
679.75	0
680	0
680.25	0
680.5	0
680.75	0
681	0
681.25	0
681.5	0
681.75	0
682	0
682.25	0
682.5	0
682.75	0
683	0
683.25	0
683.5	0
683.75	0
684	0
684.25	0
684.5	0
684.75	0
685	0
685.25	0
685.5	0
685.75	0
686	0
686.25	0
686.5	0
686.75	0
687	0
687.25	0
687.5	0
687.75	0
688	0
688.25	0
688.5	0
688.75	0
689	0
689.25	0
689.5	0
689.75	0
690	0
690.25	0
690.5	0
690.75	0
691	0
691.25	0
691.5	0
691.75	0
692	0
692.25	0
692.5	0
692.75	0
693	0
693.25	0
693.5	0
693.75	0
694	0
694.25	0
694.5	0
694.75	0
695	0
695.25	0
695.5	0
695.75	0
696	0
696.25	0
696.5	0
696.75	0
697	0
697.25	0
697.5	0
697.75	0
698	0
698.25	0
698.5	0
698.75	0
699	0
699.25	0
699.5	0
699.75	0
700	0
700.25	0
700.5	0
700.75	0
701	0
701.25	0
701.5	0
701.75	0
702	0
702.25	0
702.5	0
702.75	0
703	0
703.25	0
703.5	0
703.75	0
704	0
704.25	0
704.5	0
704.75	0
705	0
705.25	0
705.5	0
705.75	0
706	0
706.25	0
706.5	0
706.75	0
707	0
707.25	0
707.5	0
707.75	0
708	0
708.25	0
708.5	0
708.75	0
709	0
709.25	0
709.5	0
709.75	0
710	0
710.25	0
710.5	0
710.75	0
711	0
711.25	0
711.5	0
711.75	0
712	0
712.25	0
712.5	0
712.75	0
713	0
713.25	0
713.5	0
713.75	0
714	0
714.25	0
714.5	0
714.75	0
715	0
715.25	0
715.5	0
715.75	0
716	0
716.25	0
716.5	0
716.75	0
717	0
717.25	0
717.5	0
717.75	0
718	0
718.25	0
718.5	0
718.75	0
719	0
719.25	0
719.5	0
719.75	0
720	0
